100 5 1

835 1102 631 868 1206 1618 1314 1427 768 381 
1210 1253 1487 452 1251 686 686 146 735 616 
955 1045 908 620 650 1065 1239 1127 855 940 
1511 325 1078 1058 892 384 587 1066 1390 1026 
534 1321 1218 1059 934 1370 695 1134 827 482 
956 427 1017 993 948 510 945 1074 264 1137 
789 705 923 774 747 996 875 852 792 387 
1047 920 699 539 1149 1136 712 1577 655 1167 
993 747 828 1175 1534 714 734 1109 1263 945 
841 1351 1440 606 1116 848 1229 1512 526 1380 

11927 13727 11551 13056 13460 
13162

42 41 523 215 819 551 69 193 582 375 
367 478 162 898 550 553 298 577 493 183 
260 224 852 394 958 282 402 604 164 308 
218 61 273 772 191 117 276 877 415 873 
902 465 320 870 244 781 86 622 665 155 
680 101 665 227 597 354 597 79 162 998 
849 136 112 751 735 884 71 449 266 420 
797 945 746 46 44 545 882 72 383 714 
987 183 731 301 718 91 109 567 708 507 
983 808 766 615 554 282 995 946 651 298 

509 883 229 569 706 639 114 727 491 481 
681 948 687 941 350 253 573 40 124 384 
660 951 739 329 146 593 658 816 638 717 
779 289 430 851 937 289 159 260 930 248 
656 833 892 60 278 741 297 967 86 249 
354 614 836 290 893 857 158 869 206 504 
799 758 431 580 780 788 583 641 32 653 
252 709 129 368 440 314 287 854 460 594 
512 239 719 751 708 670 269 832 137 356 
960 651 398 893 407 477 552 805 881 850 

806 361 199 781 596 669 957 358 259 888 
319 751 275 177 883 749 229 265 282 694 
819 77 190 551 140 442 867 283 137 359 
445 58 440 192 485 744 844 969 50 833 
57 877 482 732 968 113 486 710 439 747 
174 260 877 474 841 422 280 684 330 910 
791 322 404 403 519 148 948 414 894 147 
73 297 97 651 380 67 582 973 143 732 
624 518 847 113 382 97 905 398 859 4 
142 110 11 213 398 173 106 331 254 447 

404 197 817 1000 44 307 39 659 46 334 
448 599 931 776 263 980 807 378 278 841 
700 210 542 636 388 129 203 110 817 502 
657 804 662 989 585 645 113 436 610 948 
919 115 967 13 445 449 740 592 327 167 
368 335 179 909 825 614 987 350 179 415 
821 525 774 283 427 275 659 392 73 896 
68 982 697 421 246 672 649 731 191 514 
983 886 95 846 689 206 417 14 735 267 
822 977 302 687 118 990 323 993 525 322 

475 36 287 577 45 700 803 654 196 844 
657 387 518 143 515 335 942 701 332 803 
265 922 908 139 995 845 487 100 447 653 
649 738 424 475 425 926 795 47 136 801 
904 740 768 460 76 660 500 915 897 25 
716 557 72 696 653 933 420 582 810 861 
758 647 237 631 271 91 75 756 409 440 
483 336 765 637 981 980 202 35 594 689 
602 76 767 693 893 160 785 311 417 748 
375 362 617 553 474 915 457 261 350 635 

556 125 736 557 301 6 111 16 704 952 
408 492 163 938 315 949 670 1000 457 816 
357 495 916 852 614 161 60 382 373 570 
182 934 129 542 767 964 896 350 178 557 
975 70 226 356 404 79 833 616 575 987 
340 794 321 337 580 920 425 170 955 581 
739 622 473 789 946 499 666 546 630 997 
462 750 841 795 2 522 778 42 714 645 
855 396 768 392 141 544 847 263 325 227 
765 128 10 973 162 743 208 223 981 143 

