500 5 5

524 1158 899 822 977 688 896 571 717 835 
1202 964 1513 733 814 952 749 638 764 1045 
934 1120 785 902 982 826 724 1381 1288 732 
623 668 860 696 717 868 903 667 669 1324 
683 842 739 1220 571 1241 892 891 554 818 
798 530 633 946 420 415 988 889 778 505 
1185 854 944 492 417 810 729 762 1022 1148 
802 882 941 684 899 826 678 1076 974 1008 
1195 1497 241 975 1095 647 1042 841 570 887 
1123 576 1115 882 932 606 925 887 920 478 
1065 955 1088 792 716 928 632 1037 1099 800 
628 854 804 670 763 730 858 1138 725 415 
1078 1423 1122 776 996 982 843 928 1002 722 
735 499 968 1245 1071 760 837 1041 810 722 
1143 891 632 897 1262 630 698 1128 955 1097 
1112 1061 692 904 551 928 837 767 590 581 
755 1180 811 764 702 840 672 1284 701 982 
786 643 911 863 716 1225 542 825 706 1106 
792 1154 890 1121 1487 1333 672 1059 898 673 
946 903 631 838 739 1018 1129 1375 743 1178 
789 851 488 569 990 893 342 890 950 642 
711 814 783 1169 873 598 441 736 843 603 
712 989 878 1387 808 504 529 652 1195 932 
618 1023 1221 658 870 979 699 811 938 871 
868 664 562 1222 1237 813 940 653 628 1142 
827 1088 330 678 725 1102 939 1159 946 698 
718 904 720 1045 505 1070 1096 988 1131 988 
520 867 1031 805 1007 1235 889 538 876 591 
752 679 1126 1108 1154 875 1100 1397 906 787 
1204 930 1009 937 856 792 1510 1264 1063 144 
687 677 1159 1117 1236 602 800 798 800 769 
1272 817 722 628 855 1033 1162 502 911 871 
1271 618 1468 1187 1097 1091 820 1124 880 1188 
564 499 752 1160 856 861 1029 560 641 1190 
1341 856 661 469 901 531 1162 867 670 576 
839 820 1131 644 1083 1066 1118 952 1033 832 
778 738 469 727 920 711 744 625 1387 744 
1178 479 1016 974 778 940 943 1250 517 321 
571 840 828 696 814 816 913 619 758 313 
1028 1078 615 734 431 1039 820 1109 1133 934 
674 974 960 1193 797 1040 1192 903 1138 531 
723 922 353 1077 852 885 858 1020 658 866 
816 826 823 921 921 938 925 776 995 1151 
649 625 841 1213 916 1008 1037 682 1063 899 
832 463 705 1017 832 844 729 464 798 489 
1038 1026 865 1227 779 963 934 1133 1348 904 
504 1049 935 708 1065 644 586 585 562 731 
612 816 852 1098 777 980 704 897 1073 976 
884 759 771 809 1002 986 527 996 889 978 
1200 1048 1045 812 958 838 929 749 828 1055 

62455 62212 59134 60808 64260 
62698 62690 62161 60925 61626 
280 914 693 659 127 779 74 475 479 622 
720 329 427 233 231 784 641 544 646 159 
342 680 660 563 49 345 318 741 886 711 
131 372 447 159 241 553 874 522 566 436 
757 547 110 874 42 704 279 122 938 355 
774 636 867 557 671 217 441 783 110 312 
662 616 817 46 873 677 874 555 807 684 
430 260 28 15 534 444 120 561 256 834 
362 770 398 473 430 346 617 281 366 135 
861 209 913 886 844 377 310 267 111 480 
86 745 161 107 197 17 346 920 719 763 
931 358 850 13 46 421 487 366 579 124 
832 736 851 23 608 401 413 932 949 881 
25 178 767 794 888 248 982 465 983 910 
717 878 168 87 616 300 335 193 158 705 
501 226 430 381 374 914 76 650 891 625 
264 232 703 759 194 453 674 373 240 31 
903 822 123 546 301 989 853 768 128 533 
83 291 798 715 890 547 281 4 235 888 
278 14 630 646 554 599 375 956 215 47 
643 235 346 559 537 943 300 447 961 7 
74 448 334 124 750 62 219 867 737 211 
134 747 279 539 470 445 1 804 374 302 
912 721 767 126 334 522 151 854 301 494 
548 299 372 908 271 277 574 924 400 734 
392 952 109 395 229 289 882 404 20 508 
151 635 565 953 700 671 446 375 285 365 
607 737 734 147 775 679 382 125 885 68 
91 459 982 370 928 840 633 464 240 219 
604 343 490 100 373 720 738 990 807 277 
851 870 459 970 615 439 50 793 514 116 
3 143 994 42 258 411 415 395 930 144 
826 507 832 975 766 447 704 110 689 731 
564 421 353 600 727 327 727 56 286 779 
341 306 113 445 486 171 524 745 754 442 
961 56 966 410 265 794 717 966 863 90 
569 158 410 727 887 628 686 128 886 333 
817 661 430 519 103 382 456 991 869 76 
721 207 733 577 429 922 782 225 206 88 
785 277 834 528 59 915 677 560 846 39 
811 525 534 959 404 188 724 241 998 868 
396 838 451 449 655 427 959 794 816 419 
920 477 342 398 219 15 311 432 539 310 
47 834 40 810 411 760 785 279 968 959 
185 324 530 261 442 769 69 741 277 466 
814 561 141 405 575 599 902 789 445 223 
112 933 833 241 12 124 136 345 379 138 
156 120 833 334 246 769 549 605 954 1000 
613 298 8 331 275 753 156 366 569 633 
829 263 702 717 918 566 678 785 486 26 

659 108 847 651 966 330 1 124 683 935 
756 100 640 875 951 441 555 632 460 603 
350 860 80 25 900 94 411 759 200 875 
252 146 154 142 698 129 352 201 106 44 
654 574 19 817 6 931 443 562 109 833 
263 328 115 164 901 13 425 264 362 421 
480 88 546 10 286 30 604 546 199 985 
353 513 860 410 224 574 335 964 602 935 
122 614 742 435 714 235 477 691 591 268 
450 495 400 114 497 722 304 102 789 469 
995 716 623 781 295 867 322 604 762 85 
103 991 904 375 240 468 737 912 79 90 
604 753 524 342 278 864 249 114 816 525 
718 651 900 577 43 590 541 745 825 626 
865 934 863 732 360 50 38 853 449 491 
995 435 193 599 136 970 715 635 801 49 
254 771 486 420 353 744 830 949 79 381 
254 169 195 304 356 884 218 417 815 892 
394 260 66 750 518 830 468 963 519 945 
97 655 946 384 822 56 236 313 447 665 
678 414 225 177 815 905 606 439 638 555 
652 770 93 891 148 322 796 542 106 88 
938 4 474 254 44 748 694 182 404 837 
143 971 1000 859 825 706 231 211 420 119 
532 616 795 550 504 513 647 168 601 832 
570 994 500 243 747 268 292 552 164 535 
224 786 485 667 70 503 774 459 690 77 
390 978 475 824 199 945 332 245 526 336 
870 707 547 904 941 246 749 314 98 555 
234 266 738 90 825 49 968 967 425 253 
647 351 893 728 405 243 678 779 25 359 
526 369 131 175 894 764 973 821 167 272 
621 589 840 176 496 900 300 908 902 948 
369 88 71 34 393 419 545 474 216 524 
238 815 178 76 504 84 97 92 748 464 
705 821 455 558 549 641 795 289 294 69 
208 447 62 539 603 348 296 593 783 955 
502 763 605 797 23 993 5 890 351 288 
698 128 548 834 15 670 97 221 372 15 
813 84 509 71 362 599 929 975 637 987 
598 968 855 265 733 178 695 223 937 49 
710 402 231 916 504 750 76 742 157 587 
937 296 580 536 95 964 594 372 410 514 
461 440 528 561 996 374 206 516 306 832 
502 394 702 128 426 692 628 507 472 124 
801 292 947 802 400 738 77 342 952 609 
150 253 834 753 771 388 116 81 119 829 
823 913 491 60 487 506 645 704 760 231 
465 10 267 536 602 895 332 801 159 262 
795 943 229 704 372 454 816 178 503 27 

474 52 694 293 287 255 395 762 686 193 
293 922 608 895 198 630 542 855 517 567 
172 850 420 118 935 68 242 639 584 732 
918 732 317 345 688 826 636 491 919 462 
631 317 170 238 582 116 167 767 151 184 
581 138 6 4 290 293 836 231 396 131 
513 617 984 595 138 325 124 633 640 889 
957 55 462 462 583 401 657 543 152 323 
789 844 4 883 211 531 502 509 404 771 
803 251 172 313 30 129 167 991 571 562 
997 335 340 404 445 395 45 364 466 658 
529 249 792 945 976 665 397 704 87 150 
159 719 750 350 25 532 15 262 845 102 
148 260 993 327 301 718 818 644 852 110 
465 476 145 146 471 593 316 613 530 705 
246 784 293 564 310 278 592 363 836 33 
589 340 295 104 278 432 472 621 494 657 
83 352 774 389 176 494 116 811 318 351 
939 487 578 322 741 712 570 145 217 196 
556 363 789 73 469 965 858 522 187 849 
433 571 138 834 801 557 39 188 990 312 
830 302 312 843 851 325 185 29 170 791 
444 729 872 820 118 123 142 517 566 774 
184 785 268 976 898 795 82 212 781 702 
332 30 484 852 161 636 2 232 744 833 
303 626 801 265 183 852 384 772 873 390 
130 738 63 926 141 922 562 509 745 427 
851 689 360 823 465 646 127 266 134 133 
817 134 177 248 248 876 521 786 211 218 
470 17 102 736 431 184 405 608 651 438 
46 345 632 920 264 2 509 135 440 510 
752 226 710 627 87 57 337 11 623 831 
127 351 62 325 626 927 457 46 387 995 
164 150 296 182 677 273 982 567 367 957 
925 678 295 591 541 465 273 951 675 652 
320 74 404 51 792 971 974 775 315 953 
161 425 189 638 473 690 169 813 656 206 
575 89 765 924 836 726 567 486 136 88 
536 857 685 485 594 116 356 411 242 352 
280 688 6 468 63 694 72 997 996 180 
407 599 222 931 738 167 382 701 93 220 
251 125 479 521 421 677 152 267 235 60 
654 35 326 917 178 379 442 374 20 1000 
447 197 564 811 179 450 515 471 878 540 
93 418 50 981 727 844 865 149 816 217 
925 671 257 734 829 950 445 638 532 693 
303 433 209 265 501 129 871 343 288 436 
362 845 824 752 751 841 562 330 824 275 
761 597 9 652 229 971 797 212 478 645 
24 236 263 106 139 736 731 297 737 338 

448 967 885 630 214 350 351 385 622 860 
970 544 906 959 87 515 569 569 480 774 
999 720 691 547 605 434 260 769 814 979 
538 658 141 38 53 791 703 29 100 789 
676 312 680 860 149 847 544 963 172 960 
219 357 166 408 96 969 626 66 301 477 
982 63 281 24 174 3 482 570 707 292 
101 28 549 176 730 238 360 494 779 733 
992 577 64 793 653 475 580 807 212 792 
317 316 979 358 62 420 714 213 885 389 
850 866 707 39 959 779 526 344 621 282 
281 56 339 226 694 561 34 75 273 165 
380 710 605 621 525 359 458 861 218 628 
445 17 500 401 821 325 451 986 951 719 
290 357 553 198 655 253 726 487 702 352 
87 643 738 986 92 377 547 554 900 324 
575 513 442 405 232 1 132 816 697 731 
746 254 632 246 883 917 202 377 176 808 
953 136 485 336 718 327 106 448 951 583 
69 585 959 970 629 315 368 688 343 774 
193 792 361 19 191 237 112 469 605 318 
994 415 596 180 715 605 416 42 680 577 
384 542 428 684 675 409 158 224 971 480 
15 423 27 248 876 967 951 235 96 376 
848 173 534 538 181 693 810 305 448 516 
245 390 237 215 994 852 619 309 812 655 
8 311 419 21 183 251 538 393 177 134 
10 188 739 804 548 826 933 338 353 93 
94 670 866 388 808 611 334 658 815 454 
847 846 265 807 915 318 469 793 299 10 
803 56 278 417 750 685 723 39 356 235 
945 817 226 30 310 494 439 657 33 629 
111 4 616 846 196 48 648 330 52 402 
208 642 509 504 413 377 873 359 916 816 
394 424 505 661 539 662 745 202 684 737 
226 559 715 888 710 655 3 32 9 571 
926 215 785 761 721 974 942 106 996 674 
613 214 734 402 737 232 859 238 740 193 
301 923 833 37 427 105 49 80 92 520 
247 815 210 670 180 486 302 115 409 445 
135 318 9 865 42 119 594 475 601 732 
799 491 563 744 559 850 407 262 563 650 
384 657 89 871 383 513 251 282 628 565 
448 425 594 748 926 584 957 681 115 525 
772 425 825 535 415 646 659 580 175 738 
505 933 239 42 352 274 519 559 950 261 
51 886 168 415 805 331 124 300 327 183 
589 88 510 670 658 878 79 303 174 308 
843 282 605 216 530 731 331 825 512 233 
932 182 362 325 539 207 95 898 763 589 

279 177 160 58 773 426 771 951 220 74 
695 378 882 183 222 596 567 236 178 820 
924 493 558 918 867 354 8 697 314 195 
173 370 847 600 682 899 882 189 803 836 
14 239 294 397 358 34 885 585 175 990 
526 355 833 373 515 988 76 597 112 436 
741 966 847 980 341 378 333 805 518 759 
99 491 309 839 436 934 157 802 825 111 
850 880 327 485 984 744 731 26 247 439 
866 545 943 329 683 403 283 897 841 230 
951 313 866 757 1 760 529 893 601 991 
139 677 136 249 83 299 713 14 999 846 
842 878 143 407 617 942 512 199 399 924 
949 127 814 562 248 585 426 188 68 370 
528 641 90 204 16 132 317 380 948 967 
814 73 302 908 62 903 820 299 567 879 
930 755 722 479 99 521 558 344 359 690 
565 260 907 936 647 723 452 246 562 346 
209 388 305 282 580 976 528 641 966 202 
248 532 93 302 470 999 854 816 276 514 
858 290 853 188 835 829 641 915 611 1000 
213 539 609 435 767 626 66 218 764 261 
528 755 121 893 542 238 596 431 23 607 
513 222 954 468 11 41 230 111 608 108 
172 27 139 335 921 342 664 441 361 923 
10 434 107 204 156 115 678 618 978 783 
910 892 853 477 118 625 440 972 373 878 
485 206 25 646 766 840 444 340 397 639 
113 369 291 793 429 31 257 926 645 257 
584 790 875 513 976 399 568 151 91 165 
368 66 375 64 801 96 838 188 137 573 
766 83 874 526 182 770 47 322 959 238 
795 126 398 453 406 76 36 756 262 592 
396 764 983 683 15 883 339 844 345 779 
784 186 201 214 708 49 812 524 337 7 
503 74 456 646 725 803 350 31 814 963 
602 947 876 712 274 42 844 511 688 271 
834 511 761 697 841 119 655 282 92 249 
339 549 759 571 700 930 349 369 917 202 
264 549 498 441 835 914 193 757 703 139 
177 987 166 774 571 628 988 767 963 794 
183 862 148 485 538 49 806 315 141 175 
602 643 506 921 839 448 591 841 748 822 
367 912 572 518 688 993 544 410 578 542 
391 303 564 318 990 725 278 403 32 288 
989 509 332 787 827 137 954 802 787 927 
611 764 477 550 618 618 829 87 902 475 
483 172 141 755 35 63 912 415 123 714 
377 329 334 922 93 371 683 131 681 557 
844 634 741 648 375 420 35 422 807 705 

556 125 736 557 301 6 111 16 704 952 
408 492 163 938 315 949 670 1000 457 816 
357 495 916 852 614 161 60 382 373 570 
182 934 129 542 767 964 896 350 178 557 
975 70 226 356 404 79 833 616 575 987 
340 794 321 337 580 920 425 170 955 581 
739 622 473 789 946 499 666 546 630 997 
462 750 841 795 2 522 778 42 714 645 
855 396 768 392 141 544 847 263 325 227 
765 128 10 973 162 743 208 223 981 143 
638 612 184 738 124 139 910 611 332 588 
634 484 555 932 55 434 396 61 23 491 
171 219 310 569 181 866 378 354 600 237 
742 631 275 83 601 167 951 771 731 474 
166 795 659 638 15 344 230 395 577 670 
807 494 420 501 862 940 974 735 991 748 
795 120 938 983 792 430 647 497 59 890 
991 810 759 588 627 59 328 386 902 650 
629 35 510 143 103 164 788 62 73 720 
379 641 573 895 783 909 310 829 38 231 
700 155 342 605 533 231 681 540 300 389 
205 748 855 420 69 931 523 458 311 678 
669 327 887 85 130 679 177 564 103 826 
110 314 623 865 985 550 69 536 61 375 
511 968 331 132 493 892 688 715 307 849 
751 454 731 469 797 327 726 625 939 280 
813 893 341 622 713 493 335 853 15 24 
43 179 335 607 850 825 303 433 288 766 
492 365 577 210 626 722 7 891 768 209 
693 238 170 9 199 530 304 294 650 898 
644 96 258 782 363 171 631 212 924 989 
780 587 987 427 221 172 11 415 415 811 
19 478 345 192 860 117 357 840 174 59 
915 348 242 554 575 323 719 797 793 839 
462 824 663 693 152 554 893 697 471 901 
614 270 581 670 911 41 868 394 579 136 
373 191 665 846 634 610 412 874 254 189 
432 904 273 466 281 108 561 85 643 461 
781 488 83 437 755 359 271 744 873 351 
146 165 670 221 703 973 90 458 63 467 
712 506 67 114 555 44 835 585 405 999 
178 239 923 775 591 89 723 111 351 281 
505 465 178 502 427 987 532 169 72 251 
850 432 539 515 892 775 386 510 394 396 
778 359 173 75 462 820 0 576 153 0 
641 882 470 412 370 34 554 207 141 312 
800 731 585 862 345 973 872 825 956 658 
560 234 805 974 585 803 222 832 460 225 
130 986 236 902 400 337 660 384 637 406 
547 171 237 569 406 253 654 868 62 80 

413 794 494 821 348 961 63 962 799 242 
352 337 111 559 889 595 914 576 312 323 
153 888 287 627 888 634 424 365 374 85 
650 265 711 204 816 595 111 707 774 138 
687 131 279 775 191 217 181 750 890 776 
484 655 662 662 995 248 718 321 533 391 
81 253 879 540 959 118 989 781 678 787 
424 721 623 833 986 141 66 983 449 654 
458 675 515 718 486 881 726 386 796 229 
398 335 624 283 182 589 153 945 272 849 
23 833 598 892 392 509 154 56 253 683 
691 744 849 588 842 417 414 173 986 750 
189 55 41 462 786 749 540 945 227 969 
14 916 608 624 125 70 948 973 638 67 
256 938 555 194 60 667 673 374 157 776 
75 371 495 404 829 876 687 556 438 709 
432 293 476 676 101 757 986 361 350 355 
733 102 261 595 409 260 956 299 615 485 
463 272 265 312 182 271 989 463 616 361 
194 855 959 24 842 19 223 298 968 361 
551 227 770 528 650 26 952 300 922 536 
603 708 222 229 623 720 879 862 770 289 
390 753 960 355 485 567 354 704 21 100 
581 609 641 503 729 314 143 984 491 371 
92 862 355 228 213 624 56 237 862 335 
166 166 63 777 27 36 859 113 109 757 
303 992 874 609 914 236 633 557 734 772 
888 190 903 564 250 533 679 602 125 982 
128 818 413 665 79 73 253 194 568 11 
96 418 713 240 871 565 597 981 389 646 
28 899 91 370 661 118 57 109 832 560 
191 160 216 798 113 970 301 241 795 568 
103 816 171 240 356 897 671 236 792 618 
536 399 560 47 336 597 91 686 549 401 
20 431 21 325 893 224 192 243 994 783 
111 687 499 117 334 527 422 605 735 36 
300 629 995 139 390 704 470 918 198 565 
525 48 326 230 794 408 944 820 837 711 
922 837 818 213 292 314 616 819 863 735 
783 268 814 680 405 639 641 97 555 667 
658 138 505 52 64 289 473 583 292 524 
465 321 723 233 123 494 713 60 421 348 
605 558 554 38 100 432 72 927 664 610 
653 600 21 776 676 474 491 259 463 52 
71 774 811 357 393 755 896 889 761 706 
428 266 793 434 842 200 911 297 609 66 
397 162 729 252 483 753 566 927 612 276 
543 751 40 365 731 527 575 999 903 573 
247 142 839 194 53 678 960 748 667 496 
147 683 793 321 557 894 375 632 938 871 

907 447 158 840 440 413 75 682 936 933 
753 47 488 649 475 88 464 50 485 672 
254 171 548 202 227 673 888 176 82 811 
292 522 717 592 235 398 519 987 937 12 
599 414 362 818 998 654 32 469 618 781 
944 499 860 216 499 695 231 776 121 703 
876 260 938 643 746 967 360 630 46 555 
818 52 6 331 24 328 749 206 906 346 
104 415 680 187 220 255 122 51 231 536 
897 727 782 113 947 206 566 738 733 891 
673 435 96 691 589 157 279 985 10 49 
976 95 981 71 504 494 635 702 386 802 
93 877 470 946 16 736 274 448 418 337 
716 801 568 306 160 713 76 360 413 563 
458 397 573 815 863 992 885 443 150 365 
185 981 117 937 448 344 783 895 820 302 
72 890 325 205 82 977 329 32 881 267 
842 802 686 747 866 893 461 838 949 413 
138 271 492 684 253 290 608 313 240 471 
162 47 690 495 255 810 968 84 431 375 
815 67 923 376 432 758 844 4 541 906 
930 148 90 531 632 145 851 749 868 744 
56 365 174 841 669 709 782 112 457 627 
171 424 371 213 650 8 719 254 412 289 
104 258 906 121 155 205 927 799 578 201 
176 766 944 127 105 32 174 293 454 863 
791 403 301 379 338 869 113 89 310 359 
381 558 30 432 753 644 70 777 237 485 
177 280 484 34 114 885 710 104 172 795 
514 476 273 806 922 983 198 326 343 579 
752 508 488 148 829 455 869 683 294 257 
692 817 816 314 264 457 375 989 976 442 
216 299 65 450 177 31 704 255 123 905 
759 805 986 687 390 597 105 378 235 155 
112 405 849 692 767 289 333 933 904 991 
365 803 587 508 958 482 483 693 359 728 
631 56 504 406 170 511 251 302 764 346 
982 760 651 81 488 643 689 231 113 938 
479 793 125 958 101 929 653 23 138 809 
653 674 518 264 196 76 645 764 761 615 
115 166 57 806 30 201 337 415 272 929 
571 577 413 162 945 919 907 768 685 133 
692 421 787 396 811 695 5 537 778 363 
626 941 814 463 611 538 879 789 665 382 
921 579 602 498 757 625 806 982 377 515 
193 845 599 280 695 308 266 537 540 951 
89 635 984 686 332 524 647 121 363 522 
956 178 567 24 38 28 400 912 847 312 
52 568 827 331 407 425 565 350 518 638 
159 303 327 810 797 147 608 39 974 128 

547 399 669 818 623 164 859 960 509 365 
351 949 25 197 264 678 581 500 285 422 
802 200 287 968 674 379 733 455 956 967 
829 154 902 240 70 212 878 160 900 594 
582 365 49 368 156 68 99 554 145 319 
303 423 257 348 915 905 684 562 217 471 
532 334 601 729 566 886 824 253 606 618 
418 217 153 725 701 451 402 372 820 111 
770 205 698 976 370 449 378 633 566 240 
13 689 385 319 341 863 462 630 91 525 
789 927 582 728 683 915 578 454 25 187 
95 523 578 599 209 957 99 626 34 54 
768 220 187 283 49 86 292 308 163 786 
303 659 915 34 856 879 318 227 754 444 
168 828 634 209 48 378 478 280 637 366 
519 209 990 623 849 292 295 655 913 854 
472 14 751 14 553 461 271 204 579 339 
190 516 492 84 468 128 570 309 1 493 
576 285 147 597 477 250 90 582 997 429 
444 322 523 883 866 657 94 125 313 63 
497 967 963 544 525 445 666 978 391 745 
286 908 94 137 797 850 564 975 249 863 
924 364 738 291 241 573 632 995 961 190 
661 990 527 700 167 522 913 518 250 58 
445 81 921 676 211 112 339 314 779 16 
123 30 634 344 716 410 774 464 564 790 
236 919 85 983 95 482 233 372 870 627 
694 798 336 852 825 182 100 73 997 318 
868 934 967 604 443 971 701 7 679 112 
131 687 383 761 594 42 6 989 124 978 
467 114 515 32 85 888 935 692 173 885 
371 79 880 707 853 40 393 752 366 137 
232 753 120 866 71 683 411 313 379 59 
580 926 326 20 969 793 354 957 293 921 
101 264 173 474 244 790 309 818 340 735 
285 807 641 573 176 360 308 298 181 338 
446 230 180 929 13 746 871 406 423 919 
527 823 20 189 826 867 189 635 694 980 
559 990 665 92 305 285 806 275 861 762 
25 284 890 262 523 693 487 617 712 233 
995 740 229 492 833 44 539 753 895 862 
112 294 569 731 138 236 149 790 16 351 
249 914 370 990 321 508 752 607 323 786 
272 816 216 873 396 443 46 338 316 707 
986 733 898 412 149 189 75 980 322 803 
449 359 268 441 426 426 558 862 914 948 
171 662 144 173 18 995 911 67 960 647 
303 123 736 275 51 469 388 351 236 617 
614 464 50 394 208 152 750 240 16 535 
260 817 526 377 389 802 636 668 499 229 

599 63 627 495 55 314 599 374 472 554 
946 583 359 675 87 563 150 661 58 523 
885 946 125 544 318 593 647 299 47 898 
462 502 572 556 361 385 464 105 533 83 
1 112 323 14 581 291 159 108 702 454 
251 385 537 337 675 787 970 822 528 782 
29 81 430 957 599 52 314 180 877 28 
115 483 451 434 494 849 212 520 178 354 
251 72 770 806 580 97 80 821 379 635 
508 988 748 542 41 451 87 107 658 636 
426 284 7 605 904 430 266 349 984 519 
726 815 953 420 971 419 875 335 294 549 
122 664 792 462 248 751 108 305 153 428 
170 769 64 554 720 618 476 25 705 986 
478 400 37 591 387 925 960 838 10 361 
756 82 824 368 784 894 505 458 976 70 
387 21 91 76 573 664 956 522 667 546 
424 891 963 202 85 764 906 368 896 607 
218 38 989 312 573 49 253 762 265 731 
820 155 966 269 934 932 477 359 979 357 
421 992 117 734 569 778 590 872 826 748 
676 881 691 728 529 821 923 169 803 896 
224 217 570 13 59 202 935 837 38 124 
719 660 114 745 903 746 579 69 852 489 
54 182 599 740 233 935 414 447 576 960 
801 339 875 750 989 780 204 946 651 249 
234 176 401 595 938 95 438 582 233 157 
914 381 160 376 551 759 761 832 733 408 
855 481 92 394 885 186 181 550 205 10 
401 965 713 884 702 646 16 171 351 676 
707 107 314 815 239 606 387 235 809 180 
44 494 183 326 35 652 619 960 14 636 
169 629 79 373 306 558 307 427 99 897 
279 329 455 20 458 959 316 753 852 776 
178 483 537 616 558 635 295 623 600 298 
884 482 11 636 2 288 54 626 713 559 
430 490 903 876 262 811 624 209 992 102 
147 557 235 713 443 359 537 157 929 884 
541 61 914 775 933 955 275 100 402 569 
612 798 189 563 628 767 285 54 398 430 
479 154 735 722 851 121 700 170 499 353 
596 895 749 736 544 612 198 925 580 409 
631 485 543 467 231 78 433 697 498 594 
878 461 413 291 617 800 540 919 805 723 
207 367 67 16 514 257 627 464 456 986 
723 632 214 66 375 632 788 215 94 422 
432 515 490 902 267 644 47 926 870 122 
550 607 560 832 342 32 840 73 341 66 
900 719 147 335 701 357 797 938 674 4 
407 516 82 741 788 530 119 228 532 420 

