250 5 2

970 954 983 457 1201 1231 1087 1131 714 776 
1304 860 1462 541 627 730 345 225 836 929 
947 664 526 854 924 1433 1361 1019 1183 1028 
1131 823 859 1476 644 403 923 933 966 1090 
529 1011 1058 450 1154 1086 812 496 603 646 
899 465 697 1224 591 992 1008 1288 919 629 
1144 1165 553 550 315 1337 494 1037 942 447 
755 687 1016 633 854 697 1081 411 923 514 
702 811 834 678 799 927 236 1278 689 1153 
817 1433 933 543 1385 583 1216 499 908 1001 
1120 596 929 439 1070 1325 946 1000 1435 664 
574 735 912 921 971 988 1114 767 801 668 
1236 1170 798 1312 1163 749 644 600 533 995 
1219 791 783 933 999 1503 734 590 504 1227 
1140 534 636 859 1251 755 1038 1013 798 676 
854 917 630 728 342 412 301 479 543 823 
756 1370 740 605 691 680 631 756 1021 699 
726 901 1016 535 1016 986 911 1242 735 722 
686 1617 1156 1212 1038 912 500 1126 1019 917 
903 908 764 1024 804 1199 1009 818 757 937 
649 1272 1004 847 588 1440 301 1007 902 822 
897 853 975 922 1325 369 758 743 791 671 
467 838 746 1069 1156 1009 1088 758 1144 844 
1341 1221 712 795 452 1306 1518 790 1086 1166 
862 808 1255 1195 942 721 808 951 899 1019 

29461 32100 30151 31550 31572 
32105 32040 
132 792 214 266 529 891 280 851 873 229 
303 277 741 50 23 182 270 287 710 534 
28 712 753 598 882 808 631 698 688 339 
440 989 878 749 171 657 872 369 18 700 
366 233 791 177 673 601 282 435 157 106 
505 2 408 711 854 547 735 25 840 9 
827 595 425 750 526 829 530 424 432 153 
529 835 912 662 357 10 795 440 216 501 
373 460 194 634 618 956 316 19 316 416 
267 723 626 982 617 192 181 127 859 407 
202 65 92 898 918 788 444 554 156 470 
32 397 672 604 360 949 569 7 11 375 
993 722 219 910 668 221 360 667 169 291 
989 805 244 100 404 504 712 434 218 407 
341 531 747 273 420 347 84 293 478 823 
690 485 822 81 494 236 842 271 413 502 
508 522 249 876 464 951 273 244 310 440 
576 299 309 96 329 98 747 976 942 137 
399 764 219 430 547 573 925 955 642 652 
649 467 133 36 230 307 533 412 386 688 
184 199 750 548 556 340 89 512 701 636 
309 544 926 359 107 498 368 133 303 452 
102 357 588 840 205 63 557 537 500 747 
80 378 263 886 163 603 418 304 988 899 
16 486 522 940 258 71 517 489 406 177 

222 472 557 546 397 879 570 694 46 208 
947 851 571 836 161 229 273 200 768 963 
866 619 654 470 949 339 667 765 719 643 
772 210 767 813 719 777 821 278 766 494 
617 246 300 324 187 556 416 205 797 740 
85 997 442 8 261 549 221 119 961 472 
866 479 730 519 757 404 68 781 788 14 
16 121 845 940 53 95 671 11 555 646 
722 213 152 183 317 609 639 538 699 246 
788 625 525 423 768 641 806 301 924 683 
105 504 768 943 643 939 240 867 880 418 
259 95 990 668 827 232 971 248 579 198 
775 49 101 823 841 178 295 199 27 848 
680 549 693 138 390 719 883 17 501 441 
317 431 430 720 346 817 270 561 531 652 
330 680 337 216 227 602 142 655 173 833 
28 821 799 843 352 53 706 153 236 239 
546 16 831 219 662 634 797 660 247 450 
7 596 522 81 536 492 494 131 868 512 
724 968 680 516 817 428 530 361 229 806 
335 101 624 265 454 390 466 340 848 861 
64 881 284 762 781 352 557 51 70 281 
338 844 955 580 352 893 342 872 554 382 
925 253 844 619 824 491 562 832 346 287 
499 907 863 704 365 876 186 229 543 822 

731 557 753 26 330 428 212 735 518 144 
401 412 452 87 458 473 305 398 178 873 
726 10 14 112 862 471 896 340 969 929 
671 933 22 862 729 339 465 56 619 420 
866 844 390 27 154 987 834 167 299 627 
975 49 951 597 920 451 812 901 942 64 
586 292 381 32 93 573 457 880 737 793 
271 683 441 274 259 939 829 114 660 565 
879 218 737 407 123 153 10 419 74 114 
143 169 949 869 377 430 170 161 82 879 
905 286 285 155 603 372 853 675 734 715 
655 123 115 145 127 973 964 566 572 714 
310 631 322 984 123 300 322 265 244 570 
556 617 721 200 120 990 88 10 439 669 
814 822 733 889 225 787 458 978 721 506 
389 782 26 140 880 883 163 242 217 264 
451 609 14 46 857 214 422 234 168 227 
623 632 164 716 139 806 728 917 154 398 
258 968 510 737 261 31 169 379 277 670 
486 515 928 558 473 398 441 864 640 65 
652 464 894 715 408 765 316 108 680 249 
54 648 432 957 783 281 663 563 348 264 
433 40 120 697 186 791 61 345 289 399 
717 945 490 328 924 584 786 583 270 689 
513 895 112 426 553 36 15 711 416 925 

762 306 215 665 840 388 40 159 785 535 
906 386 863 3 636 827 960 341 299 877 
202 503 659 902 157 866 855 778 279 684 
545 479 635 481 968 105 398 218 612 139 
303 360 19 714 11 423 185 674 435 603 
330 596 112 628 927 950 672 81 257 81 
679 678 376 753 70 509 187 703 42 180 
862 149 916 420 276 518 900 518 233 444 
357 659 254 478 263 738 196 656 479 928 
135 857 46 70 847 138 516 549 824 123 
515 859 284 237 43 59 781 487 992 190 
717 418 918 843 137 347 416 95 114 803 
587 5 321 569 477 828 661 34 605 43 
55 814 825 733 752 386 210 597 327 860 
784 936 180 275 653 164 963 506 58 92 
705 808 347 817 336 465 332 208 899 170 
80 870 208 471 246 571 672 516 362 329 
160 894 732 380 933 95 747 374 938 347 
247 945 297 790 529 684 387 578 3 666 
407 977 566 885 835 879 544 805 758 644 
91 761 218 396 627 969 666 895 799 969 
960 279 229 230 755 502 11 598 369 723 
609 714 875 56 335 458 177 605 520 924 
329 794 564 139 356 726 454 513 67 91 
986 885 843 726 821 884 85 631 553 295 

173 37 767 919 829 638 3 627 161 465 
470 542 10 548 134 921 190 493 461 947 
198 34 132 570 397 966 566 433 529 33 
796 719 836 671 124 283 103 892 369 714 
939 364 185 100 727 269 496 73 721 624 
696 495 196 940 477 680 581 993 737 765 
702 965 796 558 87 793 594 861 832 921 
578 245 815 453 722 165 18 106 764 4 
403 600 934 812 966 498 372 847 580 119 
942 594 525 83 953 476 879 660 583 68 
761 693 190 189 318 973 632 667 186 757 
160 635 686 916 447 76 19 259 282 679 
496 743 212 295 524 977 546 880 83 544 
995 914 168 881 108 794 894 643 269 589 
679 710 324 556 401 621 773 893 475 247 
86 527 659 210 148 532 229 410 40 852 
563 499 999 533 407 556 653 517 985 504 
711 811 177 692 474 408 372 10 246 161 
687 351 778 953 316 486 78 97 775 539 
243 751 567 368 795 887 437 959 24 20 
182 147 766 804 505 599 240 503 575 3 
395 670 381 395 996 492 171 22 362 373 
138 694 75 912 567 540 311 294 754 497 
767 712 301 949 812 866 253 424 135 129 
211 465 315 269 359 602 492 423 384 584 

556 125 736 557 301 6 111 16 704 952 
408 492 163 938 315 949 670 1000 457 816 
357 495 916 852 614 161 60 382 373 570 
182 934 129 542 767 964 896 350 178 557 
975 70 226 356 404 79 833 616 575 987 
340 794 321 337 580 920 425 170 955 581 
739 622 473 789 946 499 666 546 630 997 
462 750 841 795 2 522 778 42 714 645 
855 396 768 392 141 544 847 263 325 227 
765 128 10 973 162 743 208 223 981 143 
638 612 184 738 124 139 910 611 332 588 
634 484 555 932 55 434 396 61 23 491 
171 219 310 569 181 866 378 354 600 237 
742 631 275 83 601 167 951 771 731 474 
166 795 659 638 15 344 230 395 577 670 
807 494 420 501 862 940 974 735 991 748 
795 120 938 983 792 430 647 497 59 890 
991 810 759 588 627 59 328 386 902 650 
629 35 510 143 103 164 788 62 73 720 
379 641 573 895 783 909 310 829 38 231 
700 155 342 605 533 231 681 540 300 389 
205 748 855 420 69 931 523 458 311 678 
669 327 887 85 130 679 177 564 103 826 
110 314 623 865 985 550 69 536 61 375 
511 968 331 132 493 892 688 715 307 849 

413 794 494 821 348 961 63 962 799 242 
352 337 111 559 889 595 914 576 312 323 
153 888 287 627 888 634 424 365 374 85 
650 265 711 204 816 595 111 707 774 138 
687 131 279 775 191 217 181 750 890 776 
484 655 662 662 995 248 718 321 533 391 
81 253 879 540 959 118 989 781 678 787 
424 721 623 833 986 141 66 983 449 654 
458 675 515 718 486 881 726 386 796 229 
398 335 624 283 182 589 153 945 272 849 
23 833 598 892 392 509 154 56 253 683 
691 744 849 588 842 417 414 173 986 750 
189 55 41 462 786 749 540 945 227 969 
14 916 608 624 125 70 948 973 638 67 
256 938 555 194 60 667 673 374 157 776 
75 371 495 404 829 876 687 556 438 709 
432 293 476 676 101 757 986 361 350 355 
733 102 261 595 409 260 956 299 615 485 
463 272 265 312 182 271 989 463 616 361 
194 855 959 24 842 19 223 298 968 361 
551 227 770 528 650 26 952 300 922 536 
603 708 222 229 623 720 879 862 770 289 
390 753 960 355 485 567 354 704 21 100 
581 609 641 503 729 314 143 984 491 371 
92 862 355 228 213 624 56 237 862 335 


