500 5 1

733 1298 810 810 1045 1488 1313 1465 1000 410 
1231 969 1252 430 1425 478 559 436 968 595 
701 1108 679 557 589 1220 1258 1228 932 873 
1371 570 1170 1137 878 492 933 1397 1378 832 
299 1014 1006 1085 1016 1181 882 830 1018 874 
1199 555 962 924 585 450 1001 1074 247 730 
570 662 1071 454 820 1214 1052 792 886 446 
953 803 842 735 1031 1076 456 1677 608 1259 
885 927 917 1076 1541 850 660 1193 1058 1098 
661 1029 1547 540 1589 750 1101 1264 693 1445 
1114 676 1419 927 1066 1492 832 704 1046 882 
765 1283 805 157 1277 1021 1218 1238 1304 989 
1052 774 1096 648 1249 865 995 953 641 1368 
541 1071 878 1239 968 1391 547 727 679 1218 
1643 761 681 803 1673 1289 1329 1132 770 837 
924 824 1104 1076 645 733 1022 1091 336 494 
541 1435 461 703 615 1034 976 964 1280 707 
227 656 921 992 669 1764 1415 942 322 758 
786 1699 784 1463 1417 1279 911 1318 1527 751 
862 1076 589 894 848 856 1459 690 1146 879 
901 1080 1204 661 860 1124 659 985 1241 1315 
1311 620 440 865 1150 501 1009 681 1428 1038 
1195 947 334 1379 1478 960 1157 879 1271 370 
1172 1415 915 508 399 803 1384 1154 1575 984 
824 755 857 1375 1133 828 706 1067 849 383 
690 890 455 1333 448 788 666 649 292 907 
781 440 1204 971 742 932 964 803 1602 1445 
1327 1355 1089 1238 497 631 1074 783 1639 776 
801 1127 859 1170 574 693 1481 331 548 1035 
715 1380 1157 1574 1054 1081 1295 1183 973 98 
823 1475 1075 681 700 1400 593 1509 680 207 
871 752 552 1066 1239 1548 1331 752 1240 779 
1490 835 1101 897 863 1560 1101 372 1304 1214 
689 1285 1108 1145 875 1277 539 536 702 752 
897 614 754 791 985 1231 901 1088 1091 334 
759 1303 1101 687 876 1065 526 685 1056 1293 
1291 1580 880 220 1070 969 1339 450 1319 1550 
676 331 1340 912 1187 1196 795 1442 976 1274 
760 856 1179 938 568 1374 1302 787 256 1271 
1476 1294 964 1094 708 829 1556 747 1458 961 
977 769 1114 1359 892 1707 540 831 733 570 
1276 1085 296 867 1078 1392 1004 1228 1246 1440 
852 1236 1465 949 1122 393 726 1704 1838 1105 
197 1361 806 1057 356 814 1157 934 1114 850 
730 1047 1398 1474 1172 602 1390 1002 1558 1557 
1130 498 794 1135 1136 1567 816 1239 1271 1089 
832 821 666 644 1594 684 784 747 248 551 
888 981 584 131 1169 842 1265 536 991 1344 
1446 538 1483 837 1189 838 945 1254 1205 926 
868 1374 1160 825 1332 1207 765 806 1328 1070 

61202 61807 58959 62375 62163 
62698

220 184 786 691 258 534 373 771 667 86 
758 495 266 570 427 426 352 991 300 631 
654 154 371 897 42 527 459 990 173 201 
101 811 546 704 683 350 511 981 37 309 
185 695 853 434 881 508 579 491 864 606 
87 195 419 363 322 835 119 139 51 149 
812 751 162 214 537 470 174 466 267 278 
88 364 605 421 164 948 486 277 554 935 
173 913 561 629 909 90 86 605 344 943 
135 24 493 809 762 104 353 618 948 911 
767 297 323 672 120 934 787 478 25 269 
1 653 542 389 569 52 810 126 199 768 
164 36 351 527 456 301 366 49 595 436 
781 591 147 748 481 848 362 292 907 567 
34 20 967 118 981 667 511 617 171 335 
598 531 930 969 356 993 765 533 605 265 
373 205 160 904 64 880 927 693 243 542 
723 184 640 67 669 754 937 908 37 276 
96 653 618 447 44 518 894 559 148 113 
279 543 776 892 197 514 604 782 503 46 
579 188 220 97 101 553 722 793 369 887 
648 637 817 552 764 252 576 379 956 625 
852 183 589 860 636 153 253 119 144 381 
145 469 2 118 165 338 960 694 447 650 
678 372 98 179 694 880 243 258 112 704 
854 319 791 496 438 71 688 100 471 605 
724 141 260 96 280 212 878 898 961 10 
259 854 777 819 922 39 375 254 360 192 
442 334 917 568 700 645 827 377 718 765 
779 197 439 598 120 479 461 39 1000 106 
599 861 814 581 552 373 209 457 404 897 
890 431 335 795 24 28 906 221 227 394 
485 637 426 78 515 665 470 284 568 622 
883 714 36 144 633 886 332 864 830 328 
685 337 10 927 71 841 840 853 635 192 
743 618 653 426 676 697 999 485 917 821 
835 905 734 41 22 362 171 170 189 582 
210 653 945 406 527 351 603 375 580 225 
397 831 414 656 469 998 344 998 299 345 
6 282 469 288 777 368 903 554 517 784 
707 502 788 624 42 545 721 417 393 62 
476 593 602 248 448 301 551 440 262 725 
182 304 680 741 189 859 21 543 613 139 
230 890 142 824 325 464 887 497 969 18 
114 412 81 900 16 325 918 153 329 761 
583 349 546 791 819 612 389 699 793 373 
217 530 967 598 262 901 828 662 287 541 
118 701 182 3 194 820 464 85 368 763 
909 959 474 607 573 7 704 32 971 503 
133 931 371 520 855 364 811 307 393 202 

876 335 649 584 220 490 168 591 898 552 
740 260 369 188 888 730 345 993 783 712 
48 959 474 321 788 670 655 294 973 540 
597 563 180 839 209 972 598 825 442 413 
398 126 381 188 70 55 864 215 300 860 
902 477 245 211 192 374 610 915 294 834 
444 87 871 26 16 547 382 280 659 576 
169 751 333 975 32 739 45 856 155 822 
935 792 848 567 856 91 286 188 38 495 
636 385 896 820 896 599 97 333 385 573 
723 535 588 869 733 876 912 448 68 343 
368 575 411 45 802 638 458 584 468 888 
864 418 178 154 976 371 367 786 493 67 
370 259 549 487 492 223 454 676 330 499 
892 492 359 993 406 947 887 385 835 432 
307 333 8 604 583 302 774 757 837 122 
565 767 888 162 179 63 384 836 946 759 
304 726 245 664 305 861 801 131 84 993 
211 533 850 409 981 206 220 333 656 216 
105 872 105 216 427 753 859 191 160 461 
16 117 17 71 831 210 397 459 996 299 
851 686 90 238 234 501 121 519 320 863 
432 446 756 867 193 807 876 849 279 415 
429 346 600 46 286 359 98 402 612 99 
519 765 276 639 416 356 610 720 427 839 
52 459 652 830 157 132 37 698 522 146 
173 39 118 771 690 683 863 830 702 968 
477 52 258 608 614 373 645 381 914 516 
955 606 751 498 78 441 996 723 973 195 
822 523 951 752 940 511 405 163 666 67 
507 92 841 158 461 749 289 55 673 499 
867 527 352 260 153 771 980 37 746 728 
393 369 935 205 995 232 158 606 227 302 
18 303 656 647 31 987 200 714 894 735 
140 348 277 889 396 850 931 488 303 836 
894 194 48 596 885 296 202 81 53 594 
458 380 404 649 967 423 927 601 674 265 
652 107 661 258 662 76 453 263 156 663 
39 276 713 970 820 396 633 547 676 355 
456 41 764 589 250 867 767 438 498 97 
909 841 28 444 830 245 401 214 253 922 
301 496 84 415 562 400 412 522 538 591 
729 796 983 244 935 354 612 595 591 163 
191 834 56 114 45 969 213 315 115 303 
114 558 541 837 614 605 49 555 655 868 
665 172 185 373 35 531 588 241 713 585 
953 222 543 366 858 364 735 19 356 94 
983 233 717 272 917 876 245 812 567 308 
207 100 709 217 308 439 332 725 932 124 
713 471 875 232 569 346 653 711 763 42 

9 964 730 994 335 705 172 685 105 997 
60 27 82 489 767 232 874 873 841 915 
69 642 941 67 287 728 142 625 135 276 
657 133 206 999 870 538 830 802 450 754 
762 273 23 575 426 611 102 366 867 403 
850 916 160 579 588 997 931 933 381 81 
593 90 183 270 649 654 931 83 195 882 
296 681 528 743 736 314 437 347 451 958 
247 53 895 114 493 488 551 839 456 297 
423 91 212 185 976 74 555 682 759 107 
14 265 190 947 459 431 496 169 676 183 
645 382 181 463 370 82 948 759 893 743 
22 420 27 295 462 433 369 516 580 449 
453 355 695 647 779 447 50 818 150 495 
368 145 452 735 119 266 144 967 997 858 
78 46 997 892 897 596 944 546 565 978 
124 781 963 66 310 28 343 654 543 302 
867 978 255 96 577 689 180 781 411 103 
240 320 507 427 494 227 594 395 618 541 
233 493 99 493 953 746 219 713 99 456 
688 277 294 499 210 204 587 563 995 480 
611 164 101 753 444 216 599 391 693 124 
36 505 143 669 321 553 175 392 909 845 
198 389 143 286 167 505 1 477 755 94 
406 595 38 11 131 302 856 618 376 274 
19 174 110 598 303 297 422 617 167 271 
462 872 888 332 74 561 7 638 916 996 
520 593 227 510 239 543 940 485 879 492 
331 755 19 738 112 284 816 282 402 334 
246 909 85 82 426 350 163 94 582 104 
675 608 723 558 19 834 771 918 567 360 
50 36 247 99 622 504 370 635 490 408 
613 502 518 99 577 67 628 82 528 261 
978 839 53 305 603 59 551 94 53 793 
803 54 304 635 116 328 539 424 108 491 
534 338 7 379 638 129 796 260 85 586 
498 895 606 276 420 615 105 120 565 505 
210 855 874 767 281 17 138 620 802 945 
910 69 91 153 119 444 511 550 260 627 
949 796 913 51 583 647 271 138 268 111 
550 278 228 753 58 540 486 557 256 606 
228 12 647 120 938 45 391 561 897 411 
315 978 845 760 821 937 887 912 462 778 
372 510 202 770 571 703 765 947 895 744 
392 374 416 368 625 700 18 549 774 123 
266 24 663 960 564 712 14 753 278 526 
672 280 330 214 961 566 558 113 225 406 
579 250 440 700 983 486 202 9 211 386 
427 136 716 964 833 758 531 690 492 619 
995 747 711 227 453 766 243 403 989 958 

567 404 82 322 506 281 864 334 332 480 
566 156 23 834 823 72 250 394 105 454 
231 576 134 20 441 971 990 287 904 776 
217 943 975 501 349 393 972 803 780 912 
93 151 995 570 139 440 714 916 392 966 
814 806 719 423 808 132 392 472 820 81 
312 797 913 35 994 561 955 471 127 876 
234 715 927 672 112 222 165 794 301 95 
868 873 819 496 116 343 913 57 146 762 
295 332 578 106 998 700 294 288 949 979 
540 795 747 504 328 922 472 350 166 728 
817 475 414 355 984 389 94 747 359 340 
648 178 632 799 256 728 479 432 372 459 
706 990 217 312 694 303 921 693 488 74 
951 763 742 413 286 956 571 228 532 496 
917 716 202 127 215 195 873 909 77 455 
84 385 379 920 679 636 395 631 458 546 
283 395 766 874 106 768 940 292 247 638 
56 607 64 722 472 89 363 575 700 587 
903 795 413 986 679 601 654 661 795 505 
516 879 838 193 140 956 496 426 120 820 
841 123 264 89 370 158 947 384 564 412 
987 153 13 666 633 486 558 976 614 205 
85 741 493 398 611 228 809 363 277 772 
161 299 355 834 734 869 187 552 9 100 
939 754 188 919 552 620 679 181 833 638 
703 307 10 346 454 878 458 675 485 671 
603 685 65 793 493 805 480 331 882 695 
331 470 775 601 273 653 447 403 311 208 
255 290 113 695 329 665 518 935 98 287 
319 838 410 79 119 974 286 410 800 547 
143 412 480 492 65 760 416 348 643 557 
880 470 977 54 708 786 355 234 167 721 
723 1000 513 818 185 360 506 50 774 745 
196 46 907 22 386 240 432 760 234 147 
171 355 636 479 854 392 863 218 487 388 
240 765 694 93 938 250 968 432 4 838 
326 179 381 274 197 343 32 393 900 937 
391 650 312 100 113 355 607 184 164 785 
69 193 169 361 466 263 210 462 280 233 
443 920 550 800 811 673 54 453 66 400 
966 274 224 681 897 361 513 450 891 191 
938 502 302 974 514 415 504 318 920 238 
264 193 89 258 916 808 918 66 533 696 
423 315 453 940 811 752 774 666 90 492 
530 749 720 841 402 862 658 598 599 945 
870 50 9 240 724 579 67 746 342 37 
11 146 937 500 194 911 209 759 880 111 
462 50 517 914 24 426 903 175 579 190 
247 481 138 59 994 336 565 988 576 343 

3 555 647 209 30 153 348 347 682 895 
398 751 603 691 475 317 336 106 592 34 
379 312 113 374 710 112 412 167 349 355 
421 671 725 578 385 950 952 780 316 287 
773 199 65 443 850 127 733 240 889 415 
802 55 756 618 29 488 616 48 6 454 
706 394 514 450 844 988 722 1000 845 189 
361 116 700 239 401 2 131 838 18 840 
892 115 423 349 996 838 225 798 793 94 
840 412 397 656 630 815 440 120 401 256 
911 794 148 401 190 967 476 46 734 913 
459 928 527 117 127 829 516 539 336 393 
226 231 227 290 238 997 17 710 32 766 
255 342 244 549 580 55 411 560 148 917 
771 974 119 422 651 557 601 598 325 593 
695 544 569 60 567 296 637 577 788 33 
654 870 899 913 765 244 657 638 274 648 
57 991 482 487 463 123 936 492 85 98 
485 945 505 100 991 942 506 437 898 396 
526 790 545 369 198 587 986 745 548 358 
205 17 626 374 699 755 354 246 958 200 
908 191 725 377 435 93 868 156 247 987 
917 527 912 102 920 885 335 313 547 219 
124 766 530 442 831 736 614 850 360 352 
573 883 341 309 597 443 23 899 552 206 
539 407 413 113 329 736 205 964 278 238 
448 675 890 831 627 619 433 173 11 453 
450 649 77 964 49 382 13 838 741 541 
371 980 384 500 236 602 330 342 102 373 
548 304 745 655 517 401 310 700 975 351 
265 546 223 761 510 787 639 832 477 26 
460 692 397 127 638 792 57 514 866 214 
988 33 449 416 390 849 846 667 373 526 
554 660 650 723 216 119 120 153 576 348 
853 311 756 368 909 677 636 540 675 209 
57 760 984 390 532 46 391 408 884 542 
582 624 49 525 492 343 668 340 899 548 
339 113 828 534 838 1000 933 424 266 800 
252 352 192 37 720 742 205 625 420 164 
808 210 450 746 125 865 713 606 148 688 
814 150 192 344 756 677 545 669 932 79 
737 123 770 677 958 213 733 375 357 850 
437 181 193 574 697 564 461 865 895 552 
463 538 811 126 184 753 508 726 958 31 
649 506 504 558 807 994 980 872 607 803 
963 217 297 132 551 115 787 438 826 437 
144 526 53 611 809 28 683 548 387 504 
20 157 270 98 344 185 833 950 281 709 
366 922 247 413 450 527 259 497 392 721 
2 293 994 175 759 578 703 400 71 200 

556 125 736 557 301 6 111 16 704 952 
408 492 163 938 315 949 670 1000 457 816 
357 495 916 852 614 161 60 382 373 570 
182 934 129 542 767 964 896 350 178 557 
975 70 226 356 404 79 833 616 575 987 
340 794 321 337 580 920 425 170 955 581 
739 622 473 789 946 499 666 546 630 997 
462 750 841 795 2 522 778 42 714 645 
855 396 768 392 141 544 847 263 325 227 
765 128 10 973 162 743 208 223 981 143 
638 612 184 738 124 139 910 611 332 588 
634 484 555 932 55 434 396 61 23 491 
171 219 310 569 181 866 378 354 600 237 
742 631 275 83 601 167 951 771 731 474 
166 795 659 638 15 344 230 395 577 670 
807 494 420 501 862 940 974 735 991 748 
795 120 938 983 792 430 647 497 59 890 
991 810 759 588 627 59 328 386 902 650 
629 35 510 143 103 164 788 62 73 720 
379 641 573 895 783 909 310 829 38 231 
700 155 342 605 533 231 681 540 300 389 
205 748 855 420 69 931 523 458 311 678 
669 327 887 85 130 679 177 564 103 826 
110 314 623 865 985 550 69 536 61 375 
511 968 331 132 493 892 688 715 307 849 
751 454 731 469 797 327 726 625 939 280 
813 893 341 622 713 493 335 853 15 24 
43 179 335 607 850 825 303 433 288 766 
492 365 577 210 626 722 7 891 768 209 
693 238 170 9 199 530 304 294 650 898 
644 96 258 782 363 171 631 212 924 989 
780 587 987 427 221 172 11 415 415 811 
19 478 345 192 860 117 357 840 174 59 
915 348 242 554 575 323 719 797 793 839 
462 824 663 693 152 554 893 697 471 901 
614 270 581 670 911 41 868 394 579 136 
373 191 665 846 634 610 412 874 254 189 
432 904 273 466 281 108 561 85 643 461 
781 488 83 437 755 359 271 744 873 351 
146 165 670 221 703 973 90 458 63 467 
712 506 67 114 555 44 835 585 405 999 
178 239 923 775 591 89 723 111 351 281 
505 465 178 502 427 987 532 169 72 251 
850 432 539 515 892 775 386 510 394 396 
778 359 173 75 462 820 0 576 153 0 
641 882 470 412 370 34 554 207 141 312 
800 731 585 862 345 973 872 825 956 658 
560 234 805 974 585 803 222 832 460 225 
130 986 236 902 400 337 660 384 637 406 
547 171 237 569 406 253 654 868 62 80 

