100 5 1

918 1312 639 491 1121 1416 1280 1295 864 175 
951 830 1133 124 1225 423 572 124 801 342 
842 780 624 451 602 1017 968 945 899 937 
1198 384 1058 778 623 281 495 1050 1097 530 
104 926 771 819 747 1031 877 968 667 620 
909 305 845 843 581 291 597 987 260 804 
402 296 512 749 579 1042 889 984 896 239 
829 699 581 357 1064 1155 288 1509 674 904 
842 742 542 1242 1354 859 557 985 832 1150 
263 1022 1238 268 1135 673 1212 1236 495 1224 

12841 13172 12088 12269 13839 
13162

523 940 933 411 125 834 298 671 664 901 
236 382 381 789 613 954 637 438 911 459 
630 722 929 225 463 702 870 787 577 119 
835 795 313 938 239 751 736 447 81 984 
529 683 67 55 21 192 776 797 248 253 
405 600 706 188 882 28 165 912 368 896 
825 235 72 739 873 169 408 986 474 838 
108 331 361 360 790 206 258 331 117 208 
865 521 214 607 625 126 549 429 541 636 
26 366 194 476 956 568 520 159 879 404 

524 304 525 400 928 370 589 986 933 168 
661 28 349 864 305 74 692 502 177 461 
752 562 708 733 956 858 535 848 592 701 
219 597 774 716 450 871 84 881 239 83 
285 309 713 16 47 475 541 592 610 165 
990 378 45 642 870 605 856 812 833 837 
512 83 54 998 743 668 748 809 704 630 
414 25 723 10 479 923 156 505 844 897 
483 611 956 590 452 323 328 199 501 883 
81 14 953 88 134 573 887 326 491 269 

441 777 73 948 126 873 984 192 590 139 
260 494 352 215 786 264 486 318 489 266 
668 263 489 11 139 301 37 132 831 738 
727 459 737 818 304 988 702 144 156 180 
885 289 199 493 657 234 866 952 50 834 
891 398 604 791 8 917 76 266 233 322 
830 370 248 579 120 976 554 890 364 488 
435 704 56 435 891 776 5 804 858 198 
993 344 124 955 885 884 565 42 94 558 
19 328 77 564 54 749 597 973 633 469 

959 912 469 37 671 16 465 366 172 940 
636 467 250 120 678 210 328 910 529 620 
1 18 284 940 931 8 121 10 728 790 
171 613 200 73 882 138 83 969 105 55 
335 75 46 909 774 858 863 665 845 812 
549 338 460 214 42 952 152 808 169 161 
162 446 162 514 502 507 578 655 963 29 
356 939 605 217 145 670 604 821 121 434 
818 720 711 804 615 745 134 835 205 946 
894 385 491 915 956 204 449 862 596 460 

1000 430 888 258 727 557 270 509 493 538 
178 468 266 104 848 850 931 477 528 525 
882 287 200 93 697 974 498 20 490 969 
26 578 897 130 198 253 916 864 891 714 
48 497 963 255 370 84 769 765 656 767 
16 334 749 806 966 378 247 126 860 601 
545 5 163 487 447 889 910 771 485 626 
65 958 893 985 156 892 253 661 720 988 
588 474 518 878 705 664 818 793 154 676 
170 963 165 25 742 661 689 429 703 964 

556 125 736 557 301 6 111 16 704 952 
408 492 163 938 315 949 670 1000 457 816 
357 495 916 852 614 161 60 382 373 570 
182 934 129 542 767 964 896 350 178 557 
975 70 226 356 404 79 833 616 575 987 
340 794 321 337 580 920 425 170 955 581 
739 622 473 789 946 499 666 546 630 997 
462 750 841 795 2 522 778 42 714 645 
855 396 768 392 141 544 847 263 325 227 
765 128 10 973 162 743 208 223 981 143 

