100 5 5

694 1296 729 683 928 698 1008 485 658 743 
818 786 1049 431 1031 737 697 508 743 835 
872 679 734 776 857 1044 797 928 1281 606 
524 729 971 883 568 737 626 950 373 1122 
462 723 790 837 626 991 1100 953 635 629 
804 485 657 1081 388 403 714 994 923 621 
993 520 298 733 500 1078 794 870 955 857 
598 1112 935 613 798 909 516 936 892 874 
1230 1203 347 1036 1061 638 848 746 413 1054 
610 533 718 804 986 655 1107 852 849 473 

12841 13172 12088 12269 13839 
13162 13388 12431 12309 10949 
523 940 933 411 125 834 298 671 664 901 
236 382 381 789 613 954 637 438 911 459 
630 722 929 225 463 702 870 787 577 119 
835 795 313 938 239 751 736 447 81 984 
529 683 67 55 21 192 776 797 248 253 
405 600 706 188 882 28 165 912 368 896 
825 235 72 739 873 169 408 986 474 838 
108 331 361 360 790 206 258 331 117 208 
865 521 214 607 625 126 549 429 541 636 
26 366 194 476 956 568 520 159 879 404 

524 304 525 400 928 370 589 986 933 168 
661 28 349 864 305 74 692 502 177 461 
752 562 708 733 956 858 535 848 592 701 
219 597 774 716 450 871 84 881 239 83 
285 309 713 16 47 475 541 592 610 165 
990 378 45 642 870 605 856 812 833 837 
512 83 54 998 743 668 748 809 704 630 
414 25 723 10 479 923 156 505 844 897 
483 611 956 590 452 323 328 199 501 883 
81 14 953 88 134 573 887 326 491 269 

441 777 73 948 126 873 984 192 590 139 
260 494 352 215 786 264 486 318 489 266 
668 263 489 11 139 301 37 132 831 738 
727 459 737 818 304 988 702 144 156 180 
885 289 199 493 657 234 866 952 50 834 
891 398 604 791 8 917 76 266 233 322 
830 370 248 579 120 976 554 890 364 488 
435 704 56 435 891 776 5 804 858 198 
993 344 124 955 885 884 565 42 94 558 
19 328 77 564 54 749 597 973 633 469 

959 912 469 37 671 16 465 366 172 940 
636 467 250 120 678 210 328 910 529 620 
1 18 284 940 931 8 121 10 728 790 
171 613 200 73 882 138 83 969 105 55 
335 75 46 909 774 858 863 665 845 812 
549 338 460 214 42 952 152 808 169 161 
162 446 162 514 502 507 578 655 963 29 
356 939 605 217 145 670 604 821 121 434 
818 720 711 804 615 745 134 835 205 946 
894 385 491 915 956 204 449 862 596 460 

1000 430 888 258 727 557 270 509 493 538 
178 468 266 104 848 850 931 477 528 525 
882 287 200 93 697 974 498 20 490 969 
26 578 897 130 198 253 916 864 891 714 
48 497 963 255 370 84 769 765 656 767 
16 334 749 806 966 378 247 126 860 601 
545 5 163 487 447 889 910 771 485 626 
65 958 893 985 156 892 253 661 720 988 
588 474 518 878 705 664 818 793 154 676 
170 963 165 25 742 661 689 429 703 964 

556 125 736 557 301 6 111 16 704 952 
408 492 163 938 315 949 670 1000 457 816 
357 495 916 852 614 161 60 382 373 570 
182 934 129 542 767 964 896 350 178 557 
975 70 226 356 404 79 833 616 575 987 
340 794 321 337 580 920 425 170 955 581 
739 622 473 789 946 499 666 546 630 997 
462 750 841 795 2 522 778 42 714 645 
855 396 768 392 141 544 847 263 325 227 
765 128 10 973 162 743 208 223 981 143 

413 794 494 821 348 961 63 962 799 242 
352 337 111 559 889 595 914 576 312 323 
153 888 287 627 888 634 424 365 374 85 
650 265 711 204 816 595 111 707 774 138 
687 131 279 775 191 217 181 750 890 776 
484 655 662 662 995 248 718 321 533 391 
81 253 879 540 959 118 989 781 678 787 
424 721 623 833 986 141 66 983 449 654 
458 675 515 718 486 881 726 386 796 229 
398 335 624 283 182 589 153 945 272 849 

907 447 158 840 440 413 75 682 936 933 
753 47 488 649 475 88 464 50 485 672 
254 171 548 202 227 673 888 176 82 811 
292 522 717 592 235 398 519 987 937 12 
599 414 362 818 998 654 32 469 618 781 
944 499 860 216 499 695 231 776 121 703 
876 260 938 643 746 967 360 630 46 555 
818 52 6 331 24 328 749 206 906 346 
104 415 680 187 220 255 122 51 231 536 
897 727 782 113 947 206 566 738 733 891 

547 399 669 818 623 164 859 960 509 365 
351 949 25 197 264 678 581 500 285 422 
802 200 287 968 674 379 733 455 956 967 
829 154 902 240 70 212 878 160 900 594 
582 365 49 368 156 68 99 554 145 319 
303 423 257 348 915 905 684 562 217 471 
532 334 601 729 566 886 824 253 606 618 
418 217 153 725 701 451 402 372 820 111 
770 205 698 976 370 449 378 633 566 240 
13 689 385 319 341 863 462 630 91 525 

599 63 627 495 55 314 599 374 472 554 
946 583 359 675 87 563 150 661 58 523 
885 946 125 544 318 593 647 299 47 898 
462 502 572 556 361 385 464 105 533 83 
1 112 323 14 581 291 159 108 702 454 
251 385 537 337 675 787 970 822 528 782 
29 81 430 957 599 52 314 180 877 28 
115 483 451 434 494 849 212 520 178 354 
251 72 770 806 580 97 80 821 379 635 
508 988 748 542 41 451 87 107 658 636 

