250 5 5

586 965 643 904 768 674 898 680 593 862 
809 1075 1167 608 924 794 905 600 595 985 
921 842 753 795 939 962 890 1187 1231 703 
619 646 1129 851 686 742 623 796 694 1279 
516 934 815 1016 713 1265 945 779 799 516 
775 674 637 1037 303 14 855 996 1020 481 
795 718 694 743 651 961 636 602 704 1057 
592 1082 706 776 1020 473 756 729 829 910 
910 1035 361 818 687 442 1051 687 526 977 
703 622 1090 1016 769 490 980 628 723 403 
750 612 1198 885 985 883 575 837 650 926 
506 871 830 853 885 641 695 920 648 560 
1076 1199 911 870 1074 746 981 910 880 517 
541 610 683 1099 1135 981 549 828 324 539 
1219 735 647 1017 1368 923 756 1055 1040 831 
1056 1164 722 693 667 409 831 677 454 540 
686 940 628 885 830 818 712 1014 872 799 
799 887 799 1137 905 810 503 753 687 1078 
601 1362 699 1051 1150 1111 726 908 764 468 
969 1012 369 767 743 944 969 1134 1008 1043 
688 685 630 352 763 762 166 783 411 536 
488 805 701 1213 781 713 694 565 867 616 
670 722 944 1321 881 690 762 774 1194 784 
675 879 1050 596 848 527 826 1004 1067 1016 
782 771 481 829 1349 960 848 561 647 628 

29562 30027 32082 31340 29959 
32105 32040 30980 30204 30949 
838 379 403 772 84 758 290 242 445 878 
86 788 133 13 980 768 882 999 430 981 
17 731 866 813 691 125 445 433 394 989 
677 96 974 686 488 183 381 286 456 615 
478 71 83 290 308 410 612 811 891 463 
803 48 932 220 93 33 193 324 452 6 
159 858 636 602 670 265 667 217 442 566 
214 386 7 888 906 300 6 173 1 282 
33 684 489 270 288 258 796 224 2 381 
529 635 275 746 485 307 840 263 250 105 
443 39 419 306 230 553 188 659 745 959 
844 141 909 239 624 368 524 60 854 200 
390 570 54 34 605 932 168 621 771 685 
429 57 320 392 816 720 725 152 49 415 
503 743 101 475 957 640 223 36 769 859 
484 602 702 867 513 585 5 16 661 79 
287 13 278 791 625 170 21 333 371 712 
880 360 712 982 995 502 155 797 414 715 
837 670 629 663 352 111 810 722 483 151 
203 40 284 127 979 701 439 164 841 439 
889 190 562 262 490 987 15 492 550 25 
207 53 2 597 498 509 830 78 963 547 
272 272 995 458 730 770 901 689 225 719 
581 927 765 180 783 329 183 318 145 847 
798 569 24 210 455 993 259 325 927 945 

866 142 754 564 805 179 666 926 219 637 
671 730 113 813 97 442 878 281 749 320 
632 325 323 80 634 17 844 761 184 655 
276 591 832 97 843 298 128 108 971 676 
830 631 921 341 268 938 51 671 601 46 
446 656 222 512 925 371 220 820 809 822 
200 171 579 993 516 213 298 531 725 510 
61 803 206 504 271 17 375 268 869 963 
813 63 913 7 688 350 173 196 311 706 
374 415 804 137 78 598 223 267 639 565 
851 543 424 260 699 296 10 773 98 364 
327 583 493 446 479 372 537 144 241 171 
619 666 20 564 756 641 388 254 137 9 
307 27 28 656 924 630 308 559 112 874 
757 378 807 194 263 586 462 232 535 326 
843 614 200 510 450 310 775 899 893 210 
321 168 196 859 806 425 658 202 450 285 
707 903 239 821 767 397 396 546 336 154 
251 616 67 248 757 717 288 13 382 719 
585 882 489 448 660 717 697 554 865 127 
117 210 914 229 697 799 429 423 43 672 
796 491 212 862 767 726 107 510 614 48 
593 269 760 853 231 529 202 114 783 803 
88 261 948 278 773 3 778 775 931 209 
469 746 458 378 444 808 872 339 482 90 

196 343 151 308 19 643 251 834 318 809 
566 60 642 629 232 177 549 930 92 573 
873 90 586 297 930 967 305 254 919 540 
225 98 259 379 138 958 568 405 902 997 
424 883 655 805 980 887 904 339 425 729 
580 608 765 34 186 62 436 731 811 824 
979 491 561 988 713 115 287 930 153 690 
416 857 393 199 849 646 95 625 246 636 
272 672 149 890 120 482 940 287 729 925 
315 574 964 448 362 585 160 135 673 527 
357 290 905 534 784 637 981 15 52 838 
184 683 956 816 733 553 59 737 401 661 
712 822 897 847 90 138 611 529 655 504 
94 719 837 558 128 819 845 630 379 167 
986 451 527 74 957 536 229 791 541 40 
769 616 977 13 133 117 414 689 709 364 
711 70 847 224 551 854 958 786 816 161 
403 792 337 794 730 376 281 689 869 458 
294 30 123 560 340 874 631 679 526 862 
168 682 758 768 259 195 533 633 915 409 
553 231 140 96 385 363 130 132 321 450 
76 467 654 52 888 877 537 30 494 492 
396 888 611 747 454 782 924 841 654 55 
630 482 672 391 711 185 483 285 175 631 
462 316 308 322 494 313 440 159 761 193 

322 38 759 864 80 335 606 849 391 496 
90 681 920 931 478 746 963 521 53 928 
960 834 7 30 514 192 61 726 730 510 
427 858 517 691 191 821 724 894 14 256 
15 857 89 470 409 734 426 647 778 626 
57 989 231 979 948 120 449 763 370 66 
359 242 335 537 669 956 341 192 114 920 
398 308 410 908 972 87 904 73 964 535 
298 146 830 635 73 283 734 203 55 156 
47 581 575 874 509 63 939 626 695 344 
392 348 934 860 921 833 129 827 95 573 
228 865 163 858 244 667 225 170 267 606 
845 11 484 152 738 440 965 747 982 387 
511 813 887 324 719 785 156 568 26 155 
779 370 506 877 510 594 475 820 837 273 
141 282 58 400 447 58 855 178 335 758 
415 752 652 1000 39 271 840 42 986 481 
198 702 175 576 847 596 740 315 76 999 
174 734 635 430 431 682 10 52 815 306 
244 511 422 129 822 776 167 516 305 607 
316 996 485 268 73 279 450 365 282 339 
598 739 76 674 717 499 964 347 547 981 
385 14 235 742 915 750 726 646 240 437 
42 705 10 896 800 54 450 775 971 545 
67 43 969 512 870 652 811 560 457 242 

508 630 214 472 612 436 69 671 978 281 
337 848 203 415 731 327 661 195 393 104 
522 511 749 699 653 959 693 742 565 934 
669 807 949 486 830 590 527 665 557 76 
428 290 188 542 165 66 873 256 358 228 
640 514 135 496 16 170 722 120 329 223 
12 188 393 73 692 901 641 721 125 747 
82 277 299 144 399 56 919 769 89 314 
554 88 37 764 67 211 590 914 785 969 
209 119 943 746 149 202 170 164 238 498 
540 325 846 874 887 555 458 132 216 957 
70 423 913 648 848 288 492 152 149 746 
520 885 646 894 534 49 488 408 352 730 
254 455 758 284 311 898 24 332 967 491 
499 845 230 629 243 715 915 565 812 672 
406 842 449 873 296 59 953 552 995 573 
813 688 41 177 58 602 669 671 382 219 
708 597 893 897 250 342 353 193 492 746 
346 834 104 433 163 183 766 264 289 32 
446 863 433 829 526 456 336 503 146 872 
706 126 810 122 679 666 73 792 193 459 
251 961 871 791 181 185 790 159 241 203 
852 280 184 343 164 346 286 756 713 530 
996 308 43 904 48 482 666 720 909 572 
485 288 442 80 617 710 138 512 299 80 

556 125 736 557 301 6 111 16 704 952 
408 492 163 938 315 949 670 1000 457 816 
357 495 916 852 614 161 60 382 373 570 
182 934 129 542 767 964 896 350 178 557 
975 70 226 356 404 79 833 616 575 987 
340 794 321 337 580 920 425 170 955 581 
739 622 473 789 946 499 666 546 630 997 
462 750 841 795 2 522 778 42 714 645 
855 396 768 392 141 544 847 263 325 227 
765 128 10 973 162 743 208 223 981 143 
638 612 184 738 124 139 910 611 332 588 
634 484 555 932 55 434 396 61 23 491 
171 219 310 569 181 866 378 354 600 237 
742 631 275 83 601 167 951 771 731 474 
166 795 659 638 15 344 230 395 577 670 
807 494 420 501 862 940 974 735 991 748 
795 120 938 983 792 430 647 497 59 890 
991 810 759 588 627 59 328 386 902 650 
629 35 510 143 103 164 788 62 73 720 
379 641 573 895 783 909 310 829 38 231 
700 155 342 605 533 231 681 540 300 389 
205 748 855 420 69 931 523 458 311 678 
669 327 887 85 130 679 177 564 103 826 
110 314 623 865 985 550 69 536 61 375 
511 968 331 132 493 892 688 715 307 849 

413 794 494 821 348 961 63 962 799 242 
352 337 111 559 889 595 914 576 312 323 
153 888 287 627 888 634 424 365 374 85 
650 265 711 204 816 595 111 707 774 138 
687 131 279 775 191 217 181 750 890 776 
484 655 662 662 995 248 718 321 533 391 
81 253 879 540 959 118 989 781 678 787 
424 721 623 833 986 141 66 983 449 654 
458 675 515 718 486 881 726 386 796 229 
398 335 624 283 182 589 153 945 272 849 
23 833 598 892 392 509 154 56 253 683 
691 744 849 588 842 417 414 173 986 750 
189 55 41 462 786 749 540 945 227 969 
14 916 608 624 125 70 948 973 638 67 
256 938 555 194 60 667 673 374 157 776 
75 371 495 404 829 876 687 556 438 709 
432 293 476 676 101 757 986 361 350 355 
733 102 261 595 409 260 956 299 615 485 
463 272 265 312 182 271 989 463 616 361 
194 855 959 24 842 19 223 298 968 361 
551 227 770 528 650 26 952 300 922 536 
603 708 222 229 623 720 879 862 770 289 
390 753 960 355 485 567 354 704 21 100 
581 609 641 503 729 314 143 984 491 371 
92 862 355 228 213 624 56 237 862 335 

907 447 158 840 440 413 75 682 936 933 
753 47 488 649 475 88 464 50 485 672 
254 171 548 202 227 673 888 176 82 811 
292 522 717 592 235 398 519 987 937 12 
599 414 362 818 998 654 32 469 618 781 
944 499 860 216 499 695 231 776 121 703 
876 260 938 643 746 967 360 630 46 555 
818 52 6 331 24 328 749 206 906 346 
104 415 680 187 220 255 122 51 231 536 
897 727 782 113 947 206 566 738 733 891 
673 435 96 691 589 157 279 985 10 49 
976 95 981 71 504 494 635 702 386 802 
93 877 470 946 16 736 274 448 418 337 
716 801 568 306 160 713 76 360 413 563 
458 397 573 815 863 992 885 443 150 365 
185 981 117 937 448 344 783 895 820 302 
72 890 325 205 82 977 329 32 881 267 
842 802 686 747 866 893 461 838 949 413 
138 271 492 684 253 290 608 313 240 471 
162 47 690 495 255 810 968 84 431 375 
815 67 923 376 432 758 844 4 541 906 
930 148 90 531 632 145 851 749 868 744 
56 365 174 841 669 709 782 112 457 627 
171 424 371 213 650 8 719 254 412 289 
104 258 906 121 155 205 927 799 578 201 

547 399 669 818 623 164 859 960 509 365 
351 949 25 197 264 678 581 500 285 422 
802 200 287 968 674 379 733 455 956 967 
829 154 902 240 70 212 878 160 900 594 
582 365 49 368 156 68 99 554 145 319 
303 423 257 348 915 905 684 562 217 471 
532 334 601 729 566 886 824 253 606 618 
418 217 153 725 701 451 402 372 820 111 
770 205 698 976 370 449 378 633 566 240 
13 689 385 319 341 863 462 630 91 525 
789 927 582 728 683 915 578 454 25 187 
95 523 578 599 209 957 99 626 34 54 
768 220 187 283 49 86 292 308 163 786 
303 659 915 34 856 879 318 227 754 444 
168 828 634 209 48 378 478 280 637 366 
519 209 990 623 849 292 295 655 913 854 
472 14 751 14 553 461 271 204 579 339 
190 516 492 84 468 128 570 309 1 493 
576 285 147 597 477 250 90 582 997 429 
444 322 523 883 866 657 94 125 313 63 
497 967 963 544 525 445 666 978 391 745 
286 908 94 137 797 850 564 975 249 863 
924 364 738 291 241 573 632 995 961 190 
661 990 527 700 167 522 913 518 250 58 
445 81 921 676 211 112 339 314 779 16 

599 63 627 495 55 314 599 374 472 554 
946 583 359 675 87 563 150 661 58 523 
885 946 125 544 318 593 647 299 47 898 
462 502 572 556 361 385 464 105 533 83 
1 112 323 14 581 291 159 108 702 454 
251 385 537 337 675 787 970 822 528 782 
29 81 430 957 599 52 314 180 877 28 
115 483 451 434 494 849 212 520 178 354 
251 72 770 806 580 97 80 821 379 635 
508 988 748 542 41 451 87 107 658 636 
426 284 7 605 904 430 266 349 984 519 
726 815 953 420 971 419 875 335 294 549 
122 664 792 462 248 751 108 305 153 428 
170 769 64 554 720 618 476 25 705 986 
478 400 37 591 387 925 960 838 10 361 
756 82 824 368 784 894 505 458 976 70 
387 21 91 76 573 664 956 522 667 546 
424 891 963 202 85 764 906 368 896 607 
218 38 989 312 573 49 253 762 265 731 
820 155 966 269 934 932 477 359 979 357 
421 992 117 734 569 778 590 872 826 748 
676 881 691 728 529 821 923 169 803 896 
224 217 570 13 59 202 935 837 38 124 
719 660 114 745 903 746 579 69 852 489 
54 182 599 740 233 935 414 447 576 960 

