250 5 1

729 1169 659 662 1287 1627 1076 1460 867 51 
1259 1052 1438 108 959 576 454 35 854 812 
756 882 642 678 711 1235 1376 1285 989 896 
1544 539 1198 1055 848 210 619 849 1376 717 
402 1062 807 838 820 1327 653 622 764 691 
953 420 851 989 812 447 998 923 611 616 
656 767 1011 705 445 1119 713 989 961 225 
1101 611 936 602 1002 904 772 1219 725 888 
736 735 589 1075 1252 998 481 1118 1059 871 
577 1301 1493 437 1376 594 1191 1142 586 1239 
947 547 1271 660 1132 1219 721 983 1229 832 
598 941 993 446 1013 1066 1167 849 1091 843 
1226 874 975 879 1225 727 1039 790 379 1318 
610 1230 965 1028 645 1622 592 386 552 1227 
1554 895 563 736 1520 1084 1223 1146 578 685 
772 973 928 765 465 727 492 710 37 574 
434 1425 184 591 608 1060 907 534 1127 422 
231 459 813 902 679 1460 1261 935 582 562 
815 1739 667 1567 1185 1263 733 1213 1363 915 
881 1040 703 703 914 722 1219 679 1059 886 
716 1046 1382 887 901 1128 430 886 1201 1248 
822 792 418 931 1312 609 668 516 1090 781 
801 1041 301 1291 1194 859 934 807 1223 474 
1466 1416 980 761 530 950 1310 1055 1373 936 
728 827 1094 1520 1016 679 508 881 941 446 

29461 32100 30151 31550 31572 
32105

132 792 214 266 529 891 280 851 873 229 
303 277 741 50 23 182 270 287 710 534 
28 712 753 598 882 808 631 698 688 339 
440 989 878 749 171 657 872 369 18 700 
366 233 791 177 673 601 282 435 157 106 
505 2 408 711 854 547 735 25 840 9 
827 595 425 750 526 829 530 424 432 153 
529 835 912 662 357 10 795 440 216 501 
373 460 194 634 618 956 316 19 316 416 
267 723 626 982 617 192 181 127 859 407 
202 65 92 898 918 788 444 554 156 470 
32 397 672 604 360 949 569 7 11 375 
993 722 219 910 668 221 360 667 169 291 
989 805 244 100 404 504 712 434 218 407 
341 531 747 273 420 347 84 293 478 823 
690 485 822 81 494 236 842 271 413 502 
508 522 249 876 464 951 273 244 310 440 
576 299 309 96 329 98 747 976 942 137 
399 764 219 430 547 573 925 955 642 652 
649 467 133 36 230 307 533 412 386 688 
184 199 750 548 556 340 89 512 701 636 
309 544 926 359 107 498 368 133 303 452 
102 357 588 840 205 63 557 537 500 747 
80 378 263 886 163 603 418 304 988 899 
16 486 522 940 258 71 517 489 406 177 

222 472 557 546 397 879 570 694 46 208 
947 851 571 836 161 229 273 200 768 963 
866 619 654 470 949 339 667 765 719 643 
772 210 767 813 719 777 821 278 766 494 
617 246 300 324 187 556 416 205 797 740 
85 997 442 8 261 549 221 119 961 472 
866 479 730 519 757 404 68 781 788 14 
16 121 845 940 53 95 671 11 555 646 
722 213 152 183 317 609 639 538 699 246 
788 625 525 423 768 641 806 301 924 683 
105 504 768 943 643 939 240 867 880 418 
259 95 990 668 827 232 971 248 579 198 
775 49 101 823 841 178 295 199 27 848 
680 549 693 138 390 719 883 17 501 441 
317 431 430 720 346 817 270 561 531 652 
330 680 337 216 227 602 142 655 173 833 
28 821 799 843 352 53 706 153 236 239 
546 16 831 219 662 634 797 660 247 450 
7 596 522 81 536 492 494 131 868 512 
724 968 680 516 817 428 530 361 229 806 
335 101 624 265 454 390 466 340 848 861 
64 881 284 762 781 352 557 51 70 281 
338 844 955 580 352 893 342 872 554 382 
925 253 844 619 824 491 562 832 346 287 
499 907 863 704 365 876 186 229 543 822 

731 557 753 26 330 428 212 735 518 144 
401 412 452 87 458 473 305 398 178 873 
726 10 14 112 862 471 896 340 969 929 
671 933 22 862 729 339 465 56 619 420 
866 844 390 27 154 987 834 167 299 627 
975 49 951 597 920 451 812 901 942 64 
586 292 381 32 93 573 457 880 737 793 
271 683 441 274 259 939 829 114 660 565 
879 218 737 407 123 153 10 419 74 114 
143 169 949 869 377 430 170 161 82 879 
905 286 285 155 603 372 853 675 734 715 
655 123 115 145 127 973 964 566 572 714 
310 631 322 984 123 300 322 265 244 570 
556 617 721 200 120 990 88 10 439 669 
814 822 733 889 225 787 458 978 721 506 
389 782 26 140 880 883 163 242 217 264 
451 609 14 46 857 214 422 234 168 227 
623 632 164 716 139 806 728 917 154 398 
258 968 510 737 261 31 169 379 277 670 
486 515 928 558 473 398 441 864 640 65 
652 464 894 715 408 765 316 108 680 249 
54 648 432 957 783 281 663 563 348 264 
433 40 120 697 186 791 61 345 289 399 
717 945 490 328 924 584 786 583 270 689 
513 895 112 426 553 36 15 711 416 925 

762 306 215 665 840 388 40 159 785 535 
906 386 863 3 636 827 960 341 299 877 
202 503 659 902 157 866 855 778 279 684 
545 479 635 481 968 105 398 218 612 139 
303 360 19 714 11 423 185 674 435 603 
330 596 112 628 927 950 672 81 257 81 
679 678 376 753 70 509 187 703 42 180 
862 149 916 420 276 518 900 518 233 444 
357 659 254 478 263 738 196 656 479 928 
135 857 46 70 847 138 516 549 824 123 
515 859 284 237 43 59 781 487 992 190 
717 418 918 843 137 347 416 95 114 803 
587 5 321 569 477 828 661 34 605 43 
55 814 825 733 752 386 210 597 327 860 
784 936 180 275 653 164 963 506 58 92 
705 808 347 817 336 465 332 208 899 170 
80 870 208 471 246 571 672 516 362 329 
160 894 732 380 933 95 747 374 938 347 
247 945 297 790 529 684 387 578 3 666 
407 977 566 885 835 879 544 805 758 644 
91 761 218 396 627 969 666 895 799 969 
960 279 229 230 755 502 11 598 369 723 
609 714 875 56 335 458 177 605 520 924 
329 794 564 139 356 726 454 513 67 91 
986 885 843 726 821 884 85 631 553 295 

173 37 767 919 829 638 3 627 161 465 
470 542 10 548 134 921 190 493 461 947 
198 34 132 570 397 966 566 433 529 33 
796 719 836 671 124 283 103 892 369 714 
939 364 185 100 727 269 496 73 721 624 
696 495 196 940 477 680 581 993 737 765 
702 965 796 558 87 793 594 861 832 921 
578 245 815 453 722 165 18 106 764 4 
403 600 934 812 966 498 372 847 580 119 
942 594 525 83 953 476 879 660 583 68 
761 693 190 189 318 973 632 667 186 757 
160 635 686 916 447 76 19 259 282 679 
496 743 212 295 524 977 546 880 83 544 
995 914 168 881 108 794 894 643 269 589 
679 710 324 556 401 621 773 893 475 247 
86 527 659 210 148 532 229 410 40 852 
563 499 999 533 407 556 653 517 985 504 
711 811 177 692 474 408 372 10 246 161 
687 351 778 953 316 486 78 97 775 539 
243 751 567 368 795 887 437 959 24 20 
182 147 766 804 505 599 240 503 575 3 
395 670 381 395 996 492 171 22 362 373 
138 694 75 912 567 540 311 294 754 497 
767 712 301 949 812 866 253 424 135 129 
211 465 315 269 359 602 492 423 384 584 

556 125 736 557 301 6 111 16 704 952 
408 492 163 938 315 949 670 1000 457 816 
357 495 916 852 614 161 60 382 373 570 
182 934 129 542 767 964 896 350 178 557 
975 70 226 356 404 79 833 616 575 987 
340 794 321 337 580 920 425 170 955 581 
739 622 473 789 946 499 666 546 630 997 
462 750 841 795 2 522 778 42 714 645 
855 396 768 392 141 544 847 263 325 227 
765 128 10 973 162 743 208 223 981 143 
638 612 184 738 124 139 910 611 332 588 
634 484 555 932 55 434 396 61 23 491 
171 219 310 569 181 866 378 354 600 237 
742 631 275 83 601 167 951 771 731 474 
166 795 659 638 15 344 230 395 577 670 
807 494 420 501 862 940 974 735 991 748 
795 120 938 983 792 430 647 497 59 890 
991 810 759 588 627 59 328 386 902 650 
629 35 510 143 103 164 788 62 73 720 
379 641 573 895 783 909 310 829 38 231 
700 155 342 605 533 231 681 540 300 389 
205 748 855 420 69 931 523 458 311 678 
669 327 887 85 130 679 177 564 103 826 
110 314 623 865 985 550 69 536 61 375 
511 968 331 132 493 892 688 715 307 849 

