500 5 1

836 1263 897 718 1258 1493 1257 1469 1011 354 
1423 1096 1686 515 1097 726 712 341 910 640 
992 1309 764 665 816 887 984 1486 994 1152 
1384 411 1034 680 861 500 859 855 1481 820 
413 1133 807 1290 780 1369 757 994 674 898 
991 437 910 796 701 391 958 970 203 776 
682 718 1247 596 584 862 912 964 1052 618 
1121 557 675 516 1253 1159 538 1737 845 1126 
895 1125 524 1268 1475 956 839 1168 1076 1070 
864 1154 1723 434 1170 712 1119 1360 653 1316 
1308 743 1569 676 1089 1239 567 1041 1356 961 
713 1156 1004 255 1124 1116 1136 1111 1266 647 
1240 1286 1397 594 1192 928 1015 937 882 1554 
495 820 1312 1232 833 1519 761 735 1020 1264 
1622 949 527 550 1618 885 1142 1088 765 948 
943 832 964 1243 326 955 784 936 571 515 
713 1366 343 553 457 1104 978 904 1171 655 
300 382 980 1048 727 1936 1034 954 559 932 
1094 1410 731 1533 1520 1571 796 1308 1510 953 
712 817 894 788 955 812 1343 740 1028 1094 
1071 1255 1199 780 1109 1292 497 989 1324 1226 
1101 765 439 967 1357 655 733 665 1374 831 
1046 1149 296 1394 1317 786 1046 791 1250 567 
1339 1507 1174 795 586 985 1227 931 1536 960 
852 411 1110 1627 1036 760 871 881 1074 736 
523 1156 385 1016 564 901 840 678 417 1111 
574 716 1258 1114 569 945 998 712 1451 1212 
1344 1358 1284 1157 594 1000 1037 598 1353 552 
722 975 872 1139 975 698 1306 545 459 1010 
743 1398 1195 1476 1302 944 1563 1509 773 154 
903 1233 1010 884 945 959 724 1371 400 110 
997 670 787 1002 1294 1486 1237 852 1198 751 
1324 758 999 1292 733 1529 1049 437 1399 1471 
408 1005 1179 1028 996 1261 900 631 512 943 
908 886 571 630 1175 940 726 988 1349 430 
832 1177 1244 753 777 1536 453 823 1040 1246 
1272 1315 857 588 1104 1116 1369 558 1665 1500 
1006 407 1271 1142 1203 1339 881 1615 883 749 
891 963 1556 1066 563 1345 1178 477 268 1061 
1506 1482 832 1132 578 958 1428 998 1844 946 
727 920 1124 1534 900 1437 785 861 1081 698 
1212 1339 215 1072 863 1689 974 1245 1049 1274 
1041 1115 1243 1028 843 241 676 1527 1620 1383 
257 1339 1015 1338 597 716 1110 905 999 1181 
790 997 1543 1208 1208 671 1351 929 1432 1324 
1345 798 705 1080 1268 1550 918 1329 1372 1068 
516 1163 800 693 1422 524 635 571 341 656 
1038 1121 644 340 1088 808 1434 495 1107 1404 
1593 418 1204 755 1107 1161 869 1307 1021 970 
1145 1251 1012 1092 1085 1215 651 770 1438 1067 

62455 62212 59134 60808 64260 
62698

280 914 693 659 127 779 74 475 479 622 
720 329 427 233 231 784 641 544 646 159 
342 680 660 563 49 345 318 741 886 711 
131 372 447 159 241 553 874 522 566 436 
757 547 110 874 42 704 279 122 938 355 
774 636 867 557 671 217 441 783 110 312 
662 616 817 46 873 677 874 555 807 684 
430 260 28 15 534 444 120 561 256 834 
362 770 398 473 430 346 617 281 366 135 
861 209 913 886 844 377 310 267 111 480 
86 745 161 107 197 17 346 920 719 763 
931 358 850 13 46 421 487 366 579 124 
832 736 851 23 608 401 413 932 949 881 
25 178 767 794 888 248 982 465 983 910 
717 878 168 87 616 300 335 193 158 705 
501 226 430 381 374 914 76 650 891 625 
264 232 703 759 194 453 674 373 240 31 
903 822 123 546 301 989 853 768 128 533 
83 291 798 715 890 547 281 4 235 888 
278 14 630 646 554 599 375 956 215 47 
643 235 346 559 537 943 300 447 961 7 
74 448 334 124 750 62 219 867 737 211 
134 747 279 539 470 445 1 804 374 302 
912 721 767 126 334 522 151 854 301 494 
548 299 372 908 271 277 574 924 400 734 
392 952 109 395 229 289 882 404 20 508 
151 635 565 953 700 671 446 375 285 365 
607 737 734 147 775 679 382 125 885 68 
91 459 982 370 928 840 633 464 240 219 
604 343 490 100 373 720 738 990 807 277 
851 870 459 970 615 439 50 793 514 116 
3 143 994 42 258 411 415 395 930 144 
826 507 832 975 766 447 704 110 689 731 
564 421 353 600 727 327 727 56 286 779 
341 306 113 445 486 171 524 745 754 442 
961 56 966 410 265 794 717 966 863 90 
569 158 410 727 887 628 686 128 886 333 
817 661 430 519 103 382 456 991 869 76 
721 207 733 577 429 922 782 225 206 88 
785 277 834 528 59 915 677 560 846 39 
811 525 534 959 404 188 724 241 998 868 
396 838 451 449 655 427 959 794 816 419 
920 477 342 398 219 15 311 432 539 310 
47 834 40 810 411 760 785 279 968 959 
185 324 530 261 442 769 69 741 277 466 
814 561 141 405 575 599 902 789 445 223 
112 933 833 241 12 124 136 345 379 138 
156 120 833 334 246 769 549 605 954 1000 
613 298 8 331 275 753 156 366 569 633 
829 263 702 717 918 566 678 785 486 26 

659 108 847 651 966 330 1 124 683 935 
756 100 640 875 951 441 555 632 460 603 
350 860 80 25 900 94 411 759 200 875 
252 146 154 142 698 129 352 201 106 44 
654 574 19 817 6 931 443 562 109 833 
263 328 115 164 901 13 425 264 362 421 
480 88 546 10 286 30 604 546 199 985 
353 513 860 410 224 574 335 964 602 935 
122 614 742 435 714 235 477 691 591 268 
450 495 400 114 497 722 304 102 789 469 
995 716 623 781 295 867 322 604 762 85 
103 991 904 375 240 468 737 912 79 90 
604 753 524 342 278 864 249 114 816 525 
718 651 900 577 43 590 541 745 825 626 
865 934 863 732 360 50 38 853 449 491 
995 435 193 599 136 970 715 635 801 49 
254 771 486 420 353 744 830 949 79 381 
254 169 195 304 356 884 218 417 815 892 
394 260 66 750 518 830 468 963 519 945 
97 655 946 384 822 56 236 313 447 665 
678 414 225 177 815 905 606 439 638 555 
652 770 93 891 148 322 796 542 106 88 
938 4 474 254 44 748 694 182 404 837 
143 971 1000 859 825 706 231 211 420 119 
532 616 795 550 504 513 647 168 601 832 
570 994 500 243 747 268 292 552 164 535 
224 786 485 667 70 503 774 459 690 77 
390 978 475 824 199 945 332 245 526 336 
870 707 547 904 941 246 749 314 98 555 
234 266 738 90 825 49 968 967 425 253 
647 351 893 728 405 243 678 779 25 359 
526 369 131 175 894 764 973 821 167 272 
621 589 840 176 496 900 300 908 902 948 
369 88 71 34 393 419 545 474 216 524 
238 815 178 76 504 84 97 92 748 464 
705 821 455 558 549 641 795 289 294 69 
208 447 62 539 603 348 296 593 783 955 
502 763 605 797 23 993 5 890 351 288 
698 128 548 834 15 670 97 221 372 15 
813 84 509 71 362 599 929 975 637 987 
598 968 855 265 733 178 695 223 937 49 
710 402 231 916 504 750 76 742 157 587 
937 296 580 536 95 964 594 372 410 514 
461 440 528 561 996 374 206 516 306 832 
502 394 702 128 426 692 628 507 472 124 
801 292 947 802 400 738 77 342 952 609 
150 253 834 753 771 388 116 81 119 829 
823 913 491 60 487 506 645 704 760 231 
465 10 267 536 602 895 332 801 159 262 
795 943 229 704 372 454 816 178 503 27 

474 52 694 293 287 255 395 762 686 193 
293 922 608 895 198 630 542 855 517 567 
172 850 420 118 935 68 242 639 584 732 
918 732 317 345 688 826 636 491 919 462 
631 317 170 238 582 116 167 767 151 184 
581 138 6 4 290 293 836 231 396 131 
513 617 984 595 138 325 124 633 640 889 
957 55 462 462 583 401 657 543 152 323 
789 844 4 883 211 531 502 509 404 771 
803 251 172 313 30 129 167 991 571 562 
997 335 340 404 445 395 45 364 466 658 
529 249 792 945 976 665 397 704 87 150 
159 719 750 350 25 532 15 262 845 102 
148 260 993 327 301 718 818 644 852 110 
465 476 145 146 471 593 316 613 530 705 
246 784 293 564 310 278 592 363 836 33 
589 340 295 104 278 432 472 621 494 657 
83 352 774 389 176 494 116 811 318 351 
939 487 578 322 741 712 570 145 217 196 
556 363 789 73 469 965 858 522 187 849 
433 571 138 834 801 557 39 188 990 312 
830 302 312 843 851 325 185 29 170 791 
444 729 872 820 118 123 142 517 566 774 
184 785 268 976 898 795 82 212 781 702 
332 30 484 852 161 636 2 232 744 833 
303 626 801 265 183 852 384 772 873 390 
130 738 63 926 141 922 562 509 745 427 
851 689 360 823 465 646 127 266 134 133 
817 134 177 248 248 876 521 786 211 218 
470 17 102 736 431 184 405 608 651 438 
46 345 632 920 264 2 509 135 440 510 
752 226 710 627 87 57 337 11 623 831 
127 351 62 325 626 927 457 46 387 995 
164 150 296 182 677 273 982 567 367 957 
925 678 295 591 541 465 273 951 675 652 
320 74 404 51 792 971 974 775 315 953 
161 425 189 638 473 690 169 813 656 206 
575 89 765 924 836 726 567 486 136 88 
536 857 685 485 594 116 356 411 242 352 
280 688 6 468 63 694 72 997 996 180 
407 599 222 931 738 167 382 701 93 220 
251 125 479 521 421 677 152 267 235 60 
654 35 326 917 178 379 442 374 20 1000 
447 197 564 811 179 450 515 471 878 540 
93 418 50 981 727 844 865 149 816 217 
925 671 257 734 829 950 445 638 532 693 
303 433 209 265 501 129 871 343 288 436 
362 845 824 752 751 841 562 330 824 275 
761 597 9 652 229 971 797 212 478 645 
24 236 263 106 139 736 731 297 737 338 

448 967 885 630 214 350 351 385 622 860 
970 544 906 959 87 515 569 569 480 774 
999 720 691 547 605 434 260 769 814 979 
538 658 141 38 53 791 703 29 100 789 
676 312 680 860 149 847 544 963 172 960 
219 357 166 408 96 969 626 66 301 477 
982 63 281 24 174 3 482 570 707 292 
101 28 549 176 730 238 360 494 779 733 
992 577 64 793 653 475 580 807 212 792 
317 316 979 358 62 420 714 213 885 389 
850 866 707 39 959 779 526 344 621 282 
281 56 339 226 694 561 34 75 273 165 
380 710 605 621 525 359 458 861 218 628 
445 17 500 401 821 325 451 986 951 719 
290 357 553 198 655 253 726 487 702 352 
87 643 738 986 92 377 547 554 900 324 
575 513 442 405 232 1 132 816 697 731 
746 254 632 246 883 917 202 377 176 808 
953 136 485 336 718 327 106 448 951 583 
69 585 959 970 629 315 368 688 343 774 
193 792 361 19 191 237 112 469 605 318 
994 415 596 180 715 605 416 42 680 577 
384 542 428 684 675 409 158 224 971 480 
15 423 27 248 876 967 951 235 96 376 
848 173 534 538 181 693 810 305 448 516 
245 390 237 215 994 852 619 309 812 655 
8 311 419 21 183 251 538 393 177 134 
10 188 739 804 548 826 933 338 353 93 
94 670 866 388 808 611 334 658 815 454 
847 846 265 807 915 318 469 793 299 10 
803 56 278 417 750 685 723 39 356 235 
945 817 226 30 310 494 439 657 33 629 
111 4 616 846 196 48 648 330 52 402 
208 642 509 504 413 377 873 359 916 816 
394 424 505 661 539 662 745 202 684 737 
226 559 715 888 710 655 3 32 9 571 
926 215 785 761 721 974 942 106 996 674 
613 214 734 402 737 232 859 238 740 193 
301 923 833 37 427 105 49 80 92 520 
247 815 210 670 180 486 302 115 409 445 
135 318 9 865 42 119 594 475 601 732 
799 491 563 744 559 850 407 262 563 650 
384 657 89 871 383 513 251 282 628 565 
448 425 594 748 926 584 957 681 115 525 
772 425 825 535 415 646 659 580 175 738 
505 933 239 42 352 274 519 559 950 261 
51 886 168 415 805 331 124 300 327 183 
589 88 510 670 658 878 79 303 174 308 
843 282 605 216 530 731 331 825 512 233 
932 182 362 325 539 207 95 898 763 589 

279 177 160 58 773 426 771 951 220 74 
695 378 882 183 222 596 567 236 178 820 
924 493 558 918 867 354 8 697 314 195 
173 370 847 600 682 899 882 189 803 836 
14 239 294 397 358 34 885 585 175 990 
526 355 833 373 515 988 76 597 112 436 
741 966 847 980 341 378 333 805 518 759 
99 491 309 839 436 934 157 802 825 111 
850 880 327 485 984 744 731 26 247 439 
866 545 943 329 683 403 283 897 841 230 
951 313 866 757 1 760 529 893 601 991 
139 677 136 249 83 299 713 14 999 846 
842 878 143 407 617 942 512 199 399 924 
949 127 814 562 248 585 426 188 68 370 
528 641 90 204 16 132 317 380 948 967 
814 73 302 908 62 903 820 299 567 879 
930 755 722 479 99 521 558 344 359 690 
565 260 907 936 647 723 452 246 562 346 
209 388 305 282 580 976 528 641 966 202 
248 532 93 302 470 999 854 816 276 514 
858 290 853 188 835 829 641 915 611 1000 
213 539 609 435 767 626 66 218 764 261 
528 755 121 893 542 238 596 431 23 607 
513 222 954 468 11 41 230 111 608 108 
172 27 139 335 921 342 664 441 361 923 
10 434 107 204 156 115 678 618 978 783 
910 892 853 477 118 625 440 972 373 878 
485 206 25 646 766 840 444 340 397 639 
113 369 291 793 429 31 257 926 645 257 
584 790 875 513 976 399 568 151 91 165 
368 66 375 64 801 96 838 188 137 573 
766 83 874 526 182 770 47 322 959 238 
795 126 398 453 406 76 36 756 262 592 
396 764 983 683 15 883 339 844 345 779 
784 186 201 214 708 49 812 524 337 7 
503 74 456 646 725 803 350 31 814 963 
602 947 876 712 274 42 844 511 688 271 
834 511 761 697 841 119 655 282 92 249 
339 549 759 571 700 930 349 369 917 202 
264 549 498 441 835 914 193 757 703 139 
177 987 166 774 571 628 988 767 963 794 
183 862 148 485 538 49 806 315 141 175 
602 643 506 921 839 448 591 841 748 822 
367 912 572 518 688 993 544 410 578 542 
391 303 564 318 990 725 278 403 32 288 
989 509 332 787 827 137 954 802 787 927 
611 764 477 550 618 618 829 87 902 475 
483 172 141 755 35 63 912 415 123 714 
377 329 334 922 93 371 683 131 681 557 
844 634 741 648 375 420 35 422 807 705 

556 125 736 557 301 6 111 16 704 952 
408 492 163 938 315 949 670 1000 457 816 
357 495 916 852 614 161 60 382 373 570 
182 934 129 542 767 964 896 350 178 557 
975 70 226 356 404 79 833 616 575 987 
340 794 321 337 580 920 425 170 955 581 
739 622 473 789 946 499 666 546 630 997 
462 750 841 795 2 522 778 42 714 645 
855 396 768 392 141 544 847 263 325 227 
765 128 10 973 162 743 208 223 981 143 
638 612 184 738 124 139 910 611 332 588 
634 484 555 932 55 434 396 61 23 491 
171 219 310 569 181 866 378 354 600 237 
742 631 275 83 601 167 951 771 731 474 
166 795 659 638 15 344 230 395 577 670 
807 494 420 501 862 940 974 735 991 748 
795 120 938 983 792 430 647 497 59 890 
991 810 759 588 627 59 328 386 902 650 
629 35 510 143 103 164 788 62 73 720 
379 641 573 895 783 909 310 829 38 231 
700 155 342 605 533 231 681 540 300 389 
205 748 855 420 69 931 523 458 311 678 
669 327 887 85 130 679 177 564 103 826 
110 314 623 865 985 550 69 536 61 375 
511 968 331 132 493 892 688 715 307 849 
751 454 731 469 797 327 726 625 939 280 
813 893 341 622 713 493 335 853 15 24 
43 179 335 607 850 825 303 433 288 766 
492 365 577 210 626 722 7 891 768 209 
693 238 170 9 199 530 304 294 650 898 
644 96 258 782 363 171 631 212 924 989 
780 587 987 427 221 172 11 415 415 811 
19 478 345 192 860 117 357 840 174 59 
915 348 242 554 575 323 719 797 793 839 
462 824 663 693 152 554 893 697 471 901 
614 270 581 670 911 41 868 394 579 136 
373 191 665 846 634 610 412 874 254 189 
432 904 273 466 281 108 561 85 643 461 
781 488 83 437 755 359 271 744 873 351 
146 165 670 221 703 973 90 458 63 467 
712 506 67 114 555 44 835 585 405 999 
178 239 923 775 591 89 723 111 351 281 
505 465 178 502 427 987 532 169 72 251 
850 432 539 515 892 775 386 510 394 396 
778 359 173 75 462 820 0 576 153 0 
641 882 470 412 370 34 554 207 141 312 
800 731 585 862 345 973 872 825 956 658 
560 234 805 974 585 803 222 832 460 225 
130 986 236 902 400 337 660 384 637 406 
547 171 237 569 406 253 654 868 62 80 

